route_id,service_id,trip_id,trip_headsign,trip_short_name,direction_id,block_id,shape_id
1038,1,45827,FAIRHAVEN,,0,2480,2567
1038,1,45828,FAIRHAVEN,,0,2481,2567
1038,1,45829,FAIRHAVEN,,0,2482,2567
1038,1,45830,FAIRHAVEN,,0,2480,2567
1038,1,45831,FAIRHAVEN,,0,2481,2567
1038,1,45832,FAIRHAVEN,,0,2482,2567
1038,1,45833,FAIRHAVEN,,0,2480,2567
1038,1,45834,FAIRHAVEN,,0,2481,2567
1038,1,45835,FAIRHAVEN,,0,2482,2567
1038,1,45836,FAIRHAVEN,,0,2480,2567
1038,1,45837,FAIRHAVEN,,0,2481,2567
1038,1,45838,FAIRHAVEN,,0,2482,2567
1038,1,45839,FAIRHAVEN,,0,2483,2568
1038,1,45840,FAIRHAVEN,,0,2483,2568
1038,1,45841,FAIRHAVEN,,0,2483,2568
1038,1,45842,FAIRHAVEN,,0,2483,2568
1038,1,45843,DOWNTOWN,,1,2480,2569
1038,1,45844,DOWNTOWN,,1,2481,2569
1038,1,45845,DOWNTOWN,,1,2482,2569
1038,1,45846,DOWNTOWN,,1,2480,2569
1038,1,45847,DOWNTOWN,,1,2481,2569
1038,1,45848,DOWNTOWN,,1,2482,2569
1038,1,45849,DOWNTOWN,,1,2480,2569
1038,1,45850,DOWNTOWN,,1,2481,2569
1038,1,45851,DOWNTOWN,,1,2482,2569
1038,1,45852,DOWNTOWN,,1,2480,2569
1038,1,45853,DOWNTOWN,,1,2481,2569
1038,1,45854,DOWNTOWN,,1,2482,2569
1038,1,45855,DOWNTOWN,,1,2483,2570
1038,1,45856,DOWNTOWN,,1,2483,2570
1038,1,45857,DOWNTOWN,,1,2483,2570
1038,1,45858,DOWNTOWN,,1,2483,2570
1040,401,45921,SHUTTLE,,0,2490,2573
1040,401,45922,SHUTTLE,,0,2490,2573
1040,401,45923,SHUTTLE,,0,2490,2573
1040,401,45924,32ND ST ONLY,,1,2491,2574
1040,401,45925,32ND ST ONLY,,1,2491,2574
1040,401,45926,32ND ST ONLY,,1,2491,2574
1041,1,45927,WWU,,0,2492,2575
1041,1,45928,WWU,,0,2492,2575
1041,1,45929,WWU,,0,2492,2575
1041,1,45930,WWU,,0,2492,2575
1041,1,45931,WWU,,0,2492,2575
1041,1,45932,WWU,,0,2492,2575
1041,1,45933,WWU,,0,2492,2575
1041,1,45934,WWU,,0,2492,2575
1041,1,45935,WWU,,0,2492,2575
1041,1,45936,WWU,,0,2492,2575
1041,1,45937,WWU,,0,2492,2575
1041,1,45938,WWU,,0,2492,2575
1041,1,45939,WWU,,0,2492,2575
1041,1,45940,WWU,,0,2492,2575
1041,1,45941,WWU,,0,2492,2575
1041,1,45942,WWU,,0,2492,2575
1041,1,45943,WWU,,0,2492,2575
1041,1,45944,WWU,,0,2492,2575
1041,1,45945,WWU,,0,2492,2575
1041,1,45946,WWU,,0,2492,2575
1041,1,45947,WWU,,0,2492,2575
1041,1,45948,WWU,,0,2492,2575
1041,1,45949,SAMISH/DOWNTOWN,,1,2492,2576
1041,1,45950,SAMISH/DOWNTOWN,,1,2492,2576
1041,1,45951,SAMISH/DOWNTOWN,,1,2492,2576
1041,1,45952,SAMISH/DOWNTOWN,,1,2492,2576
1041,1,45953,SAMISH/DOWNTOWN,,1,2492,2576
1041,1,45954,SAMISH/DOWNTOWN,,1,2492,2576
1041,1,45955,SAMISH/DOWNTOWN,,1,2492,2576
1041,1,45956,SAMISH/DOWNTOWN,,1,2492,2576
1041,1,45957,SAMISH/DOWNTOWN,,1,2492,2576
1041,1,45958,SAMISH/DOWNTOWN,,1,2492,2576
1041,1,45959,SAMISH/DOWNTOWN,,1,2492,2576
1041,1,45960,SAMISH/DOWNTOWN,,1,2492,2576
1041,1,45961,SAMISH/DOWNTOWN,,1,2492,2576
1041,1,45962,SAMISH/DOWNTOWN,,1,2492,2576
1041,1,45963,SAMISH/DOWNTOWN,,1,2492,2576
1041,1,45964,SAMISH/DOWNTOWN,,1,2492,2576
1041,1,45965,SAMISH/DOWNTOWN,,1,2492,2576
1041,1,45966,SAMISH/DOWNTOWN,,1,2492,2576
1041,1,45967,SAMISH/DOWNTOWN,,1,2492,2576
1041,1,45968,SAMISH/DOWNTOWN,,1,2492,2576
1041,1,45969,SAMISH/DOWNTOWN,,1,2492,2576
1041,1,45970,SAMISH/DOWNTOWN,,1,2492,2576
1042,1,45989,SAMISH/WWU,,0,2493,2577
1042,1,45990,SAMISH/WWU,,0,2494,2577
1042,1,45991,SAMISH/WWU,,0,2495,2577
1042,1,45992,SAMISH/WWU,,0,2493,2577
1042,1,45993,SAMISH/WWU,,0,2494,2577
1042,1,45994,SAMISH/WWU,,0,2495,2577
1042,1,45995,SAMISH/WWU,,0,2493,2577
1042,1,45996,SAMISH/WWU,,0,2494,2577
1042,1,45997,SAMISH/WWU,,0,2495,2577
1042,1,45998,SAMISH/WWU,,0,2493,2577
1042,1,45999,SAMISH/WWU,,0,2494,2577
1042,1,46000,SAMISH/WWU,,0,2495,2577
1042,1,46001,DOWNTOWN,,1,2493,2578
1042,1,46002,DOWNTOWN,,1,2494,2578
1042,1,46003,DOWNTOWN,,1,2495,2578
1042,1,46004,DOWNTOWN,,1,2493,2578
1042,1,46005,DOWNTOWN,,1,2494,2578
1042,1,46006,DOWNTOWN,,1,2495,2578
1042,1,46007,DOWNTOWN,,1,2493,2578
1042,1,46008,DOWNTOWN,,1,2494,2578
1042,1,46009,DOWNTOWN,,1,2495,2578
1042,1,46010,DOWNTOWN,,1,2493,2578
1042,1,46011,DOWNTOWN,,1,2494,2578
1042,1,46012,DOWNTOWN,,1,2495,2578
1044,401,46036,SHUTTLE,,0,2490,2580
1044,401,46037,SHUTTLE,,0,2490,2580
1044,401,46038,SHUTTLE,,0,2490,2580
1045,1,46062,FAIRHAVEN,,0,2500,2581
1045,1,46039,FAIRHAVEN,,0,2497,2581
1045,1,46040,FAIRHAVEN,,0,2498,2581
1045,1,46041,FAIRHAVEN,,0,2499,2581
1045,1,46042,FAIRHAVEN,,0,2500,2581
1045,1,46043,FAIRHAVEN,,0,2483,2581
1045,1,46044,FAIRHAVEN,,0,2498,2581
1045,1,46045,FAIRHAVEN,,0,2497,2581
1045,1,46046,FAIRHAVEN,,0,2500,2581
1045,1,46047,FAIRHAVEN,,0,2499,2581
1045,1,46048,FAIRHAVEN,,0,2498,2581
1045,1,46049,FAIRHAVEN,,0,2483,2581
1045,1,46050,FAIRHAVEN,,0,2500,2581
1045,1,46051,FAIRHAVEN,,0,2497,2581
1045,1,46052,FAIRHAVEN,,0,2498,2581
1045,1,46053,FAIRHAVEN,,0,2499,2581
1045,1,46054,FAIRHAVEN,,0,2500,2581
1045,1,46055,FAIRHAVEN,,0,2483,2581
1045,1,46056,FAIRHAVEN,,0,2498,2581
1045,1,46057,FAIRHAVEN,,0,2497,2581
1045,1,46058,FAIRHAVEN,,0,2500,2581
1045,1,46059,FAIRHAVEN,,0,2499,2581
1045,1,46060,FAIRHAVEN,,0,2498,2581
1045,1,46061,FAIRHAVEN,,0,2483,2581
1045,1,46063,FAIRHAVEN,,0,2500,2581
1045,1,46064,FAIRHAVEN,,0,2500,2581
1045,1,46065,FAIRHAVEN,,0,2500,2581
1045,1,46066,FAIRHAVEN,,0,2500,2581
1045,1,46067,FAIRHAVEN,,0,2500,2581
1045,1,46068,FAIRHAVEN,,0,2500,2581
1045,1,46069,DOWNTOWN,,1,2500,2582
1045,1,46070,DOWNTOWN,,1,2497,2582
1045,1,46071,DOWNTOWN,,1,2498,2582
1045,1,46072,DOWNTOWN,,1,2499,2582
1045,1,46073,DOWNTOWN,,1,2500,2582
1045,1,46074,DOWNTOWN,,1,2483,2582
1045,1,46075,DOWNTOWN,,1,2498,2582
1045,1,46076,DOWNTOWN,,1,2497,2582
1045,1,46077,DOWNTOWN,,1,2500,2582
1045,1,46078,DOWNTOWN,,1,2499,2582
1045,1,46079,DOWNTOWN,,1,2498,2582
1045,1,46080,DOWNTOWN,,1,2483,2582
1045,1,46081,DOWNTOWN,,1,2500,2582
1045,1,46082,DOWNTOWN,,1,2497,2582
1045,1,46083,DOWNTOWN,,1,2498,2582
1045,1,46084,DOWNTOWN,,1,2499,2582
1045,1,46085,DOWNTOWN,,1,2500,2582
1045,1,46086,DOWNTOWN,,1,2483,2582
1045,1,46087,DOWNTOWN,,1,2498,2582
1045,1,46088,DOWNTOWN,,1,2497,2582
1045,1,46089,DOWNTOWN,,1,2500,2582
1045,1,46090,DOWNTOWN,,1,2499,2582
1045,1,46091,DOWNTOWN,,1,2498,2582
1045,1,46092,DOWNTOWN,,1,2483,2582
1045,1,46093,DOWNTOWN,,1,2500,2582
1045,1,46094,DOWNTOWN,,1,2500,2582
1045,1,46095,DOWNTOWN,,1,2500,2582
1045,1,46096,DOWNTOWN,,1,2500,2582
1045,1,46097,DOWNTOWN,,1,2500,2582
1045,1,46098,DOWNTOWN,,1,2500,2582
1047,1,46186,CORDATA/WCC,,0,2498,2586
1047,1,46187,CORDATA/WCC,,0,2483,2586
1047,1,46188,CORDATA/WCC,,0,2500,2586
1047,1,46189,CORDATA/WCC,,0,2497,2586
1047,1,46190,CORDATA/WCC,,0,2498,2586
1052,1,46538,CORDATA/WCC,,0,2513,2596
1052,1,46539,CORDATA/WCC,,0,2513,2596
1052,1,46540,CORDATA/WCC,,0,2513,2596
1052,1,46541,CORDATA/WCC,,0,2513,2596
1052,1,46542,CORDATA/WCC,,0,2513,2596
1052,1,46543,DOWNTOWN,,1,2508,2597
1052,1,46544,DOWNTOWN,,1,2481,2597
1052,1,46545,DOWNTOWN,,1,2508,2597
1052,1,46546,DOWNTOWN,,1,2516,2597
1052,1,46547,DOWNTOWN,,1,2482,2597
1052,1,46548,DOWNTOWN,,1,2517,2597
1052,1,46549,DOWNTOWN,,1,2508,2597
1052,1,46550,DOWNTOWN,,1,2518,2597
1052,1,46551,DOWNTOWN,,1,2480,2597
1052,1,46552,DOWNTOWN,,1,2517,2597
1052,1,46553,DOWNTOWN,,1,2508,2597
1052,1,46554,DOWNTOWN,,1,2516,2597
1052,1,46555,DOWNTOWN,,1,2481,2597
1052,1,46556,DOWNTOWN,,1,2517,2597
1052,1,46557,DOWNTOWN,,1,2508,2597
1052,1,46558,DOWNTOWN,,1,2518,2597
1052,1,46559,DOWNTOWN,,1,2482,2597
1052,1,46560,DOWNTOWN,,1,2517,2597
1052,1,46561,DOWNTOWN,,1,2508,2597
1052,1,46562,DOWNTOWN,,1,2516,2597
1052,1,46563,DOWNTOWN,,1,2480,2597
1052,1,46564,DOWNTOWN,,1,2517,2597
1052,1,46565,DOWNTOWN,,1,2508,2597
1052,1,46566,DOWNTOWN,,1,2518,2597
1052,1,46567,DOWNTOWN,,1,2481,2597
1052,1,46568,DOWNTOWN,,1,2517,2597
1052,1,46569,DOWNTOWN,,1,2508,2597
1052,1,46570,DOWNTOWN,,1,2516,2597
1052,1,46571,DOWNTOWN,,1,2482,2597
1052,1,46572,DOWNTOWN,,1,2517,2597
1052,1,46573,DOWNTOWN,,1,2508,2597
1052,1,46574,DOWNTOWN,,1,2518,2597
1052,1,46575,DOWNTOWN,,1,2480,2597
1052,1,46576,DOWNTOWN,,1,2517,2597
1052,1,46577,DOWNTOWN,,1,2508,2597
1052,1,46578,DOWNTOWN,,1,2516,2597
1052,1,46579,DOWNTOWN,,1,2481,2597
1052,1,46580,DOWNTOWN,,1,2517,2597
1052,1,46581,DOWNTOWN,,1,2508,2597
1052,1,46582,DOWNTOWN,,1,2518,2597
1052,1,46583,DOWNTOWN,,1,2482,2597
1052,1,46584,DOWNTOWN,,1,2517,2597
1052,1,46585,DOWNTOWN,,1,2508,2597
1052,1,46586,DOWNTOWN,,1,2516,2597
1052,1,46587,DOWNTOWN,,1,2480,2597
1052,1,46588,DOWNTOWN,,1,2517,2597
1052,1,46589,DOWNTOWN,,1,2508,2597
1052,1,46590,DOWNTOWN,,1,2518,2597
1052,1,46591,DOWNTOWN,,1,2481,2597
1052,1,46592,DOWNTOWN,,1,2481,2597
1052,1,46593,DOWNTOWN,,1,2481,2597
1052,1,46594,DOWNTOWN,,1,2481,2597
1053,1,46688,CORDATA,,0,2498,2598
1053,1,46689,CORDATA,,0,2500,2598
1053,1,46690,CORDATA,,0,2498,2598
1053,1,46691,CORDATA,,0,2500,2598
1053,1,46692,CORDATA,,0,2498,2598
1053,1,46693,CORDATA,,0,2500,2598
1053,1,46694,CORDATA,,0,2498,2598
1053,1,46695,CORDATA,,0,2500,2598
1053,1,46696,CORDATA,,0,2498,2598
1053,1,46697,CORDATA,,0,2500,2598
1053,1,46698,CORDATA,,0,2498,2598
1053,1,46699,CORDATA,,0,2500,2598
1053,1,46700,CORDATA,,0,2508,2598
1053,1,46701,CORDATA,,0,2508,2598
1053,1,46702,CORDATA,,0,2508,2598
1053,1,46703,CORDATA,,1,2498,2599
1053,1,46704,CORDATA,,1,2500,2599
1053,1,46705,CORDATA,,1,2498,2599
1053,1,46706,CORDATA,,1,2500,2599
1053,1,46707,CORDATA,,1,2498,2599
1053,1,46708,CORDATA,,1,2500,2599
1053,1,46709,CORDATA,,1,2498,2599
1053,1,46710,CORDATA,,1,2500,2599
1053,1,46711,CORDATA,,1,2498,2599
1053,1,46712,CORDATA,,1,2500,2599
1053,1,46713,CORDATA,,1,2498,2599
1053,1,46714,CORDATA,,1,2500,2599
1053,1,46715,CORDATA,,1,2508,2599
1053,1,46716,CORDATA,,1,2508,2599
1053,1,46717,CORDATA,,1,2508,2599
1054,1,46766,BELLINGHAM/WWU,,0,2527,2600
1054,1,46767,LYNDEN,,1,2528,2601
1055,1,46768,LYNDEN,,0,2529,2602
1055,1,46769,LYNDEN,,0,2529,2602
1055,1,46770,LYNDEN,,0,2529,2602
1055,1,46771,LYNDEN,,0,2529,2602
1055,1,46772,LYNDEN,,0,2529,2603
1055,1,46773,LYNDEN,,0,2529,2603
1055,1,46774,LYNDEN,,0,2529,2603
1055,1,46775,LYNDEN,,0,2529,2603
1055,1,46776,LYNDEN,,0,2529,2603
1055,1,46777,CORDATA/WCC,,1,2529,2604
1055,1,46778,CORDATA/WCC,,1,2529,2604
1055,1,46779,CORDATA/WCC,,1,2529,2604
1055,1,46780,CORDATA/WCC,,1,2529,2604
1055,1,46781,CORDATA/WCC,,1,2529,2605
1055,1,46782,CORDATA/WCC,,1,2529,2605
1055,1,46783,CORDATA/WCC,,1,2529,2605
1055,1,46784,CORDATA/WCC,,1,2529,2605
1055,1,46785,LYNDEN,,1,2529,2606
1056,1,46800,FERNDALE,,0,2499,2607
1056,1,46801,FERNDALE,,0,2483,2607
1056,1,46802,FERNDALE,,0,2497,2607
1056,1,46803,FERNDALE,,0,2499,2607
1056,1,46804,FERNDALE,,0,2483,2607
1056,1,46805,FERNDALE,,0,2497,2607
1056,1,46806,FERNDALE,,0,2499,2607
1056,1,46807,FERNDALE,,0,2483,2607
1056,1,46808,FERNDALE,,0,2497,2607
1056,1,46809,FERNDALE,,0,2499,2607
1056,1,46810,FERNDALE,,0,2483,2607
1056,1,46811,FERNDALE,,0,2497,2607
1056,1,46812,FERNDALE,,0,2499,2607
1056,1,46813,CORDATA/WCC,,1,2499,2608
1056,1,46814,CORDATA/WCC,,1,2483,2608
1056,1,46815,CORDATA/WCC,,1,2497,2608
1056,1,46816,CORDATA/WCC,,1,2499,2608
1056,1,46817,CORDATA/WCC,,1,2483,2608
1056,1,46818,CORDATA/WCC,,1,2497,2608
1056,1,46819,CORDATA/WCC,,1,2499,2608
1056,1,46820,CORDATA/WCC,,1,2483,2608
1056,1,46821,CORDATA/WCC,,1,2497,2608
1056,1,46822,CORDATA/WCC,,1,2499,2608
1056,1,46823,CORDATA/WCC,,1,2483,2608
1056,1,46824,CORDATA/WCC,,1,2497,2608
1056,1,46825,CORDATA/WCC,,1,2499,2608
1057,1,46846,MAPLEWOOD/CORDATA,,0,2531,2609
1057,1,46858,MAPLEWOOD/CORDATA,,0,2666,2609
1057,1,46847,MAPLEWOOD/CORDATA,,0,2531,2609
1057,1,46848,MAPLEWOOD/CORDATA,,0,2531,2609
1057,1,46849,MAPLEWOOD/CORDATA,,0,2531,2609
1057,1,46850,MAPLEWOOD/CORDATA,,0,2531,2609
1057,1,46851,MAPLEWOOD/CORDATA,,0,2531,2609
1057,1,46852,MAPLEWOOD/CORDATA,,0,2531,2609
1057,1,46853,MAPLEWOOD/CORDATA,,0,2531,2609
1057,1,46854,MAPLEWOOD/CORDATA,,0,2531,2609
1057,1,46855,MAPLEWOOD/CORDATA,,0,2531,2609
1057,1,46856,MAPLEWOOD/CORDATA,,0,2531,2609
1057,1,46857,MAPLEWOOD/CORDATA,,0,2531,2609
1057,1,46859,HOSPTIAL/DOWNTOWN,,1,2531,2610
1057,1,46860,HOSPTIAL/DOWNTOWN,,1,2531,2610
1057,1,46861,HOSPTIAL/DOWNTOWN,,1,2531,2610
1057,1,46862,HOSPTIAL/DOWNTOWN,,1,2531,2610
1057,1,46863,HOSPTIAL/DOWNTOWN,,1,2531,2610
1057,1,46864,HOSPTIAL/DOWNTOWN,,1,2531,2610
1057,1,46865,HOSPTIAL/DOWNTOWN,,1,2531,2610
1057,1,46866,HOSPTIAL/DOWNTOWN,,1,2531,2610
1057,1,46867,HOSPTIAL/DOWNTOWN,,1,2531,2610
1057,1,46868,HOSPTIAL/DOWNTOWN,,1,2531,2610
1057,1,46869,HOSPTIAL/DOWNTOWN,,1,2531,2610
1057,1,46870,HOSPTIAL/DOWNTOWN,,1,2531,2610
1058,1,46889,CORDATA/WCC,,0,2508,2611
1058,1,46890,CORDATA/WCC,,0,2482,2611
1058,1,46891,CORDATA/WCC,,0,2517,2611
1058,1,46892,CORDATA/WCC,,0,2508,2611
1058,1,46893,CORDATA/WCC,,0,2518,2611
1058,1,46894,CORDATA/WCC,,0,2480,2611
1058,1,46895,CORDATA/WCC,,0,2517,2611
1058,1,46896,CORDATA/WCC,,0,2508,2611
1058,1,46897,CORDATA/WCC,,0,2516,2611
1058,1,46898,CORDATA/WCC,,0,2481,2611
1058,1,46899,CORDATA/WCC,,0,2517,2611
1058,1,46900,CORDATA/WCC,,0,2508,2611
1058,1,46901,CORDATA/WCC,,0,2518,2611
1058,1,46902,CORDATA/WCC,,0,2482,2611
1060,1,47182,DOWNTOWN,,1,2536,2616
1060,1,47183,DOWNTOWN,,1,2537,2616
1060,1,47184,DOWNTOWN,,1,2536,2616
1060,1,47185,DOWNTOWN,,1,2537,2616
1060,1,47186,DOWNTOWN,,1,2536,2616
1060,1,47187,DOWNTOWN,,1,2537,2616
1060,1,47188,DOWNTOWN,,1,2536,2616
1060,1,47189,DOWNTOWN,,1,2537,2616
1060,1,47190,DOWNTOWN,,1,2536,2616
1060,1,47191,DOWNTOWN,,1,2537,2616
1060,1,47192,DOWNTOWN,,1,2536,2616
1060,1,47193,DOWNTOWN,,1,2537,2616
1060,1,47194,DOWNTOWN,,1,2536,2616
1060,1,47195,DOWNTOWN,,1,2537,2616
1060,1,47196,DOWNTOWN,,1,2536,2616
1060,1,47197,DOWNTOWN,,1,2537,2616
1060,1,47198,DOWNTOWN,,1,2536,2616
1060,1,47199,DOWNTOWN,,1,2537,2616
1060,1,47200,DOWNTOWN,,1,2536,2616
1060,1,47201,DOWNTOWN,,1,2537,2616
1060,1,47202,DOWNTOWN,,1,2536,2616
1060,1,47203,DOWNTOWN,,1,2537,2616
1060,1,47204,DOWNTOWN,,1,2536,2616
1060,1,47205,DOWNTOWN,,1,2537,2616
1060,1,47206,DOWNTOWN,,1,2536,2616
1060,1,47207,DOWNTOWN,,1,2537,2616
1060,1,47208,DOWNTOWN,,1,2536,2616
1060,1,47209,DOWNTOWN,,1,2537,2616
1060,1,47210,DOWNTOWN,,1,2536,2616
1060,1,47211,DOWNTOWN,,1,2537,2616
1060,1,47212,DOWNTOWN,,1,2536,2616
1060,1,47213,DOWNTOWN,,1,2537,2616
1060,1,47214,DOWNTOWN,,1,2536,2616
1060,1,47215,DOWNTOWN,,1,2537,2616
1060,1,47216,DOWNTOWN,,1,2536,2616
1060,1,47217,DOWNTOWN,,1,2537,2616
1060,1,47218,DOWNTOWN,,1,2536,2616
1060,1,47219,DOWNTOWN,,1,2537,2616
1060,1,47220,DOWNTOWN,,1,2536,2616
1060,1,47221,DOWNTOWN,,1,2537,2616
1060,1,47222,DOWNTOWN,,1,2536,2616
1060,1,47223,DOWNTOWN,,1,2537,2616
1060,1,47224,DOWNTOWN,,1,2536,2616
1060,1,47225,DOWNTOWN,,1,2536,2616
1060,1,47226,DOWNTOWN,,1,2536,2616
1060,1,47230,DOWNTOWN,,1,2495,2616
1060,1,47227,DOWNTOWN,,1,2536,2616
1060,1,47231,DOWNTOWN,,1,2495,2616
1060,1,47228,DOWNTOWN,,1,2536,2616
1060,1,47232,DOWNTOWN,,1,2495,2616
1060,1,47229,DOWNTOWN,,1,2536,2616
1060,1,47233,DOWNTOWN,,1,2495,2616
1061,1,47316,Yew St AM,,0,2493,2617
1061,1,47317,Yew St AM,,0,2494,2617
1061,1,47318,Yew St AM,,0,2495,2617
1061,1,47319,Yew St AM,,0,2493,2617
1061,1,47320,Yew St AM,,0,2494,2617
1061,1,47321,Yew St AM,,0,2495,2617
1061,1,47322,Yew St AM,,1,2493,2618
1061,1,47323,Yew St AM,,1,2494,2618
1061,1,47324,Yew St AM,,1,2495,2618
1061,1,47325,Yew St AM,,1,2493,2618
1061,1,47326,Yew St AM,,1,2494,2618
1061,1,47327,Yew St AM,,1,2495,2618
1062,1,47334,Yew St PM,,0,2493,2619
1062,1,47335,Yew St PM,,0,2494,2619
1062,1,47336,Yew St PM,,0,2495,2619
1062,1,47337,Yew St PM,,0,2493,2619
1062,1,47338,Yew St PM,,0,2494,2619
1062,1,47339,Yew St PM,,0,2495,2619
1062,1,47340,Yew St PM,,0,2493,2619
1062,1,47341,Yew St PM,,1,2493,2620
1062,1,47342,Yew St PM,,1,2494,2620
1062,1,47343,Yew St PM,,1,2495,2620
1062,1,47344,Yew St PM,,1,2493,2620
1062,1,47345,Yew St PM,,1,2494,2620
1062,1,47346,Yew St PM,,1,2495,2620
1062,1,47347,Yew St PM,,1,2493,2620
1063,1,47360,SQUALICUM HARBOR,,0,2549,2621
1063,1,47361,SQUALICUM HARBOR,,0,2549,2621
1063,1,47364,SQUALICUM HARBOR,,0,2549,2621
1063,1,47365,SQUALICUM HARBOR,,0,2550,2621
1063,1,47362,SQUALICUM HARBOR,,0,2550,2621
1063,1,47363,SQUALICUM HARBOR,,0,2550,2621
1063,1,47366,DOWNTOWN,,1,2549,2622
1063,1,47367,DOWNTOWN,,1,2549,2622
1063,1,47368,DOWNTOWN,,1,2549,2622
1063,1,47369,DOWNTOWN,,1,2550,2622
1063,1,47370,DOWNTOWN,,1,2550,2622
1063,1,47371,DOWNTOWN,,1,2550,2622
1064,1,47372,CORDATA/WCC,,0,2764,2623
1064,1,47373,CORDATA/WCC,,0,2765,2623
1064,1,47374,CORDATA/WCC,,0,2766,2623
1064,1,47375,BAKERVIEW SPUR,,1,2764,2624
1064,1,47376,BAKERVIEW SPUR,,1,2765,2624
1064,1,47377,BAKERVIEW SPUR,,1,2766,2624
1064,1,47378,BAKERVIEW SPUR,,1,2667,2624
1065,1,47384,DOWNTOWN,,0,2767,2625
1065,1,47385,DOWNTOWN,,0,2768,2625
1065,1,47386,DOWNTOWN,,0,2769,2625
1065,1,47388,DOWNTOWN,,0,2553,2625
1065,1,47387,DOWNTOWN,,0,2552,2625
1065,1,47389,BAKERVIEW SPUR,,1,2554,2626
1065,1,47390,BAKERVIEW SPUR,,1,2767,2626
1065,1,47391,BAKERVIEW SPUR,,1,2768,2626
1065,1,47392,BAKERVIEW SPUR,,1,2769,2626
1066,1,47397,GOOSEBERRY PT,,0,2555,2627
1066,1,47398,GOOSEBERRY PT,,0,2555,2627
1066,1,47399,GOOSEBERRY PT,,0,2555,2627
1066,1,47400,GOOSEBERRY PT,,0,2556,2627
1066,1,47401,GOOSEBERRY PT,,0,2556,2627
1066,1,47402,GOOSEBERRY PT,,0,2556,2627
1066,1,47403,GOOSEBERRY PT,,0,2556,2627
1066,1,47404,GOOSEBERRY PT,,0,2557,2627
1066,1,47405,DOWNTOWN,,1,2555,2628
1066,1,47406,DOWNTOWN,,1,2555,2628
1066,1,47407,DOWNTOWN,,1,2555,2628
1066,1,47408,DOWNTOWN,,1,2556,2628
1066,1,47409,DOWNTOWN,,1,2556,2628
1066,1,47410,DOWNTOWN,,1,2556,2628
1066,1,47411,DOWNTOWN,,1,2556,2628
1066,1,47412,DOWNTOWN,,1,2557,2628
1067,1,47425,SUDDEN VALLEY,,0,2560,2629
1067,1,47426,SUDDEN VALLEY,,0,2560,2629
1067,1,47427,SUDDEN VALLEY,,0,2560,2629
1067,1,47428,SUDDEN VALLEY,,0,2560,2629
1067,1,47429,SUDDEN VALLEY,,0,2560,2629
1067,1,47430,SUDDEN VALLEY,,0,2560,2629
1067,1,47431,SUDDEN VALLEY,,0,2560,2629
1067,1,47432,SUDDEN VALLEY,,0,2560,2629
1067,1,47433,SUDDEN VALLEY,,0,2560,2629
1067,1,47434,SUDDEN VALLEY,,0,2560,2629
1067,1,47435,SUDDEN VALLEY,,0,2560,2629
1067,1,47436,SUDDEN VALLEY,,0,2560,2629
1067,1,47437,SUDDEN VALLEY,,0,2560,2629
1067,1,47438,DOWNTOWN,,1,2560,2630
1067,1,47439,DOWNTOWN,,1,2560,2630
1067,1,47440,DOWNTOWN,,1,2560,2630
1067,1,47441,DOWNTOWN,,1,2560,2630
1067,1,47442,DOWNTOWN,,1,2560,2630
1067,1,47443,DOWNTOWN,,1,2560,2630
1067,1,47444,DOWNTOWN,,1,2560,2630
1067,1,47445,DOWNTOWN,,1,2560,2630
1067,1,47446,DOWNTOWN,,1,2560,2630
1067,1,47447,DOWNTOWN,,1,2560,2630
1067,1,47448,DOWNTOWN,,1,2560,2630
1067,1,47449,DOWNTOWN,,1,2560,2630
1067,1,47450,LAKEWAY ONLY,,1,2560,2631
1068,1,47470,SUNSET,,0,2561,2632
1068,1,47471,SUNSET,,0,2561,2632
1068,1,47472,SUNSET,,0,2561,2632
1068,1,47473,SUNSET,,0,2561,2632
1068,1,47474,SUNSET,,0,2561,2632
1068,1,47475,SUNSET,,0,2561,2632
1068,1,47476,SUNSET,,0,2561,2632
1068,1,47477,SUNSET,,0,2561,2632
1068,1,47478,SUNSET,,0,2561,2632
1068,1,47479,SUNSET,,0,2561,2632
1068,1,47480,SUNSET,,0,2561,2632
1068,1,47481,SUNSET,,0,2561,2632
1068,1,47482,LAKEWAY ONLY,,0,2536,2633
1068,1,47483,LAKEWAY ONLY,,0,2536,2633
1068,1,47484,LAKEWAY ONLY,,0,2536,2633
1068,1,47488,DOWNTOWN,,1,2561,2634
1068,1,47489,DOWNTOWN,,1,2561,2634
1068,1,47490,DOWNTOWN,,1,2561,2634
1068,1,47491,DOWNTOWN,,1,2561,2634
1068,1,47492,DOWNTOWN,,1,2561,2634
1068,1,47493,DOWNTOWN,,1,2561,2634
1068,1,47494,DOWNTOWN,,1,2561,2634
1068,1,47495,DOWNTOWN,,1,2561,2634
1068,1,47496,DOWNTOWN,,1,2561,2634
1068,1,47497,DOWNTOWN,,1,2561,2634
1068,1,47498,DOWNTOWN,,1,2561,2634
1068,1,47499,DOWNTOWN,,1,2561,2634
1068,1,47485,DOWNTOWN,,1,2536,2635
1068,1,47486,DOWNTOWN,,1,2536,2635
1068,1,47487,DOWNTOWN,,1,2536,2635
1069,1,47549,SQUALICUM H.S.,,0,2518,2636
1069,1,47550,SQUALICUM H.S.,,0,2516,2636
1069,1,47551,SQUALICUM H.S.,,0,2518,2636
1069,1,47552,SQUALICUM H.S.,,0,2516,2636
1069,1,47553,SQUALICUM H.S.,,0,2518,2636
1069,1,47554,SQUALICUM H.S.,,0,2516,2636
1069,1,47555,SQUALICUM H.S.,,0,2518,2636
1069,1,47556,SQUALICUM H.S.,,0,2516,2636
1069,1,47557,SQUALICUM H.S.,,0,2518,2636
1069,1,47558,SQUALICUM H.S.,,0,2516,2636
1069,1,47559,SQUALICUM H.S.,,0,2518,2636
1069,1,47560,SQUALICUM H.S.,,0,2516,2636
1069,1,47572,DOWNTOWN,,1,2518,2637
1069,1,47561,DOWNTOWN,,1,2518,2637
1069,1,47562,DOWNTOWN,,1,2516,2637
1069,1,47563,DOWNTOWN,,1,2518,2637
1069,1,47564,DOWNTOWN,,1,2516,2637
1069,1,47565,DOWNTOWN,,1,2518,2637
1069,1,47566,DOWNTOWN,,1,2516,2637
1069,1,47567,DOWNTOWN,,1,2518,2637
1069,1,47568,DOWNTOWN,,1,2516,2637
1069,1,47569,DOWNTOWN,,1,2518,2637
1069,1,47570,DOWNTOWN,,1,2516,2637
1069,1,47571,DOWNTOWN,,1,2518,2637
1069,1,47573,SQUALICUM H.S.,,1,2516,2638
1070,1,47595,LOCAL SERVICE,,0,2761,2640
1070,1,47596,LOCAL SERVICE,,0,2761,2640
1070,1,47593,CORDATA/WCC,,0,2761,2639
1070,1,47594,CORDATA/WCC,,0,2762,2639
1070,1,47597,LOCAL SERVICE,,0,2763,2641
1070,1,47598,BLAINE/BIRCH BAY,,1,2762,2642
1070,1,47601,BLAINE/BIRCH BAY,,1,2763,2642
1070,1,47599,LOCAL SERVICE,,1,2763,2644
1070,1,47600,LOCAL SERVICE,,1,2763,2644
1070,1,47602,LOCAL SERVICE,,1,2763,2643
1071,1,47607,BLAINE,,0,2564,2645
1071,1,47608,BLAINE,,0,2565,2645
1071,1,47611,BLAINE,,0,2566,2646
1071,1,47609,BLAINE,,0,2553,2646
1071,1,47610,BLAINE,,0,2537,2647
1071,1,47612,BELLINGHAM/WWU,,1,2564,2648
1071,1,47613,BELLINGHAM/WWU,,1,2565,2648
1071,1,47614,BELLINGHAM,,1,2566,2649
1071,1,47615,BELLINGHAM,,1,2553,2649
1073,1,47619,E/N/S,,0,2764,2653
1073,1,47620,E/N/S,,0,2765,2653
1073,1,47621,E/N/S,,0,2766,2653
1073,1,49697,E/N/S,,0,2667,2787
1073,1,49698,BELLINGHAM,,1,2666,2788
1073,1,47622,CORDATA/WCC,,1,2764,2654
1073,1,47623,CORDATA/WCC,,1,2765,2654
1073,1,47624,CORDATA/WCC,,1,2766,2654
1073,1,49699,CORDATA/WCC,,1,2667,2654
1074,1,47630,KENDALL,,0,2554,2792
1074,1,49700,KENDALL,,0,2767,2789
1074,1,49701,KENDALL,,0,2768,2789
1074,1,49702,KENDALL,,0,2769,2789
1074,1,49703,KENDALL,,0,2769,2790
1074,1,47631,KENDALL,,0,2552,2656
1074,1,47632,BELLINGHAM,,1,2554,2657
1074,1,49704,BELLINGHAM,,1,2767,2791
1074,1,49705,BELLINGHAM,,1,2768,2791
1074,1,49706,BELLINGHAM,,1,2769,2791
1074,1,49707,BELLINGHAM,,1,2769,2791
1074,1,47633,SUNSET SQUARE ONLY,,1,2552,2658
1077,401,47656,SHUTTLE,,0,2489,2666
1077,401,47657,SHUTTLE,,0,2489,2666
1077,401,47658,SHUTTLE,,1,2511,2667
1077,401,47659,SHUTTLE,,1,2511,2667
1078,1,47660,MT VERNON,,0,2567,2668
1078,1,47661,MT VERNON,,0,2568,2668
1078,1,47662,MT VERNON,,0,2568,2668
1078,1,47663,MT VERNON,,0,2568,2668
1078,1,47664,BELLINGHAM,,1,2567,2669
1078,1,47665,BELLINGHAM,,1,2568,2669
1078,1,47666,BELLINGHAM,,1,2568,2669
1078,1,47667,BELLINGHAM,,1,2568,2669
1079,401,47676,WWU,,0,2570,2670
1079,401,47686,WWU,,0,2570,2670
1079,401,47677,WWU,,0,2570,2670
1079,401,47687,WWU,,0,2570,2670
1079,401,47678,WWU,,0,2570,2670
1079,401,47688,WWU,,0,2570,2670
1079,401,47679,WWU,,0,2570,2670
1079,401,47689,WWU,,0,2570,2670
1079,401,47680,WWU,,0,2570,2670
1079,401,47690,WWU,,0,2570,2670
1079,401,47681,WWU,,0,2570,2670
1079,401,47691,WWU,,0,2570,2670
1079,401,47682,WWU,,0,2570,2670
1079,401,47692,WWU,,0,2570,2670
1079,401,47683,WWU,,0,2570,2670
1079,401,47693,WWU,,0,2570,2670
1079,401,47684,WWU,,0,2570,2670
1079,401,47694,WWU,,0,2570,2670
1079,401,47685,WWU,,0,2570,2670
1079,401,47695,LINCOLN CREEK,,1,2571,2671
1079,401,47705,LINCOLN CREEK,,1,2571,2671
1079,401,47696,LINCOLN CREEK,,1,2571,2671
1079,401,47706,LINCOLN CREEK,,1,2571,2671
1079,401,47697,LINCOLN CREEK,,1,2571,2671
1079,401,47707,LINCOLN CREEK,,1,2571,2671
1079,401,47698,LINCOLN CREEK,,1,2571,2671
1079,401,47708,LINCOLN CREEK,,1,2571,2671
1079,401,47699,LINCOLN CREEK,,1,2571,2671
1079,401,47709,LINCOLN CREEK,,1,2571,2671
1079,401,47700,LINCOLN CREEK,,1,2571,2671
1079,401,47710,LINCOLN CREEK,,1,2571,2671
1079,401,47701,LINCOLN CREEK,,1,2571,2671
1079,401,47711,LINCOLN CREEK,,1,2571,2671
1079,401,47702,LINCOLN CREEK,,1,2571,2671
1079,401,47712,LINCOLN CREEK,,1,2571,2671
1079,401,47703,LINCOLN CREEK,,1,2571,2671
1079,401,47713,LINCOLN CREEK,,1,2571,2671
1079,401,47704,LINCOLN CREEK,,1,2571,2671
1079,401,47714,Lincoln Creek,,1,2571,2672
1081,401,47718,WWU,,0,2571,2674
1081,401,47728,WWU,,0,2571,2674
1081,401,47719,WWU,,0,2571,2674
1081,401,47729,WWU,,0,2571,2674
1081,401,47720,WWU,,0,2571,2674
1081,401,47730,WWU,,0,2571,2674
1081,401,47721,WWU,,0,2571,2674
1081,401,47731,WWU,,0,2571,2674
1081,401,47722,WWU,,0,2571,2674
1081,401,47732,WWU,,0,2571,2674
1081,401,47723,WWU,,0,2571,2674
1081,401,47733,WWU,,0,2571,2674
1081,401,47724,WWU,,0,2571,2674
1081,401,47734,WWU,,0,2571,2674
1081,401,47725,WWU,,0,2571,2674
1081,401,47735,WWU,,0,2571,2674
1081,401,47726,WWU,,0,2571,2674
1081,401,47736,WWU,,0,2571,2674
1081,401,47727,WWU,,0,2571,2674
1081,401,47737,WWU,,0,2571,2674
1081,401,47738,LINCOLN CREEK,,1,2570,2675
1081,401,47748,LINCOLN CREEK,,1,2570,2675
1081,401,47739,LINCOLN CREEK,,1,2570,2675
1081,401,47749,LINCOLN CREEK,,1,2570,2675
1081,401,47740,LINCOLN CREEK,,1,2570,2675
1081,401,47750,LINCOLN CREEK,,1,2570,2675
1081,401,47741,LINCOLN CREEK,,1,2570,2675
1081,401,47751,LINCOLN CREEK,,1,2570,2675
1081,401,47742,LINCOLN CREEK,,1,2570,2675
1081,401,47752,LINCOLN CREEK,,1,2570,2675
1081,401,47743,LINCOLN CREEK,,1,2570,2675
1081,401,47753,LINCOLN CREEK,,1,2570,2675
1081,401,47744,LINCOLN CREEK,,1,2570,2675
1081,401,47754,LINCOLN CREEK,,1,2570,2675
1081,401,47745,LINCOLN CREEK,,1,2570,2675
1081,401,47755,LINCOLN CREEK,,1,2570,2675
1081,401,47746,LINCOLN CREEK,,1,2570,2675
1081,401,47756,LINCOLN CREEK,,1,2570,2675
1081,401,47747,LINCOLN CREEK,,1,2570,2675
1038,2,45859,FAIRHAVEN,,0,2484,2567
1038,2,45860,FAIRHAVEN,,0,2485,2567
1038,2,45861,FAIRHAVEN,,0,2484,2567
1038,2,45862,FAIRHAVEN,,0,2485,2567
1038,2,45863,FAIRHAVEN,,0,2484,2567
1038,2,45864,FAIRHAVEN,,0,2485,2567
1038,2,45865,FAIRHAVEN,,0,2484,2567
1038,2,45866,FAIRHAVEN,,0,2485,2567
1038,2,45867,FAIRHAVEN,,0,2484,2567
1038,2,45868,FAIRHAVEN,,0,2486,2568
1038,2,45869,FAIRHAVEN,,0,2486,2568
1038,2,45870,FAIRHAVEN,,0,2486,2568
1038,2,45871,FAIRHAVEN,,0,2486,2568
1038,2,45872,FAIRHAVEN,,0,2486,2568
1038,2,45873,DOWNTOWN,,1,2484,2569
1038,2,45874,DOWNTOWN,,1,2485,2569
1038,2,45875,DOWNTOWN,,1,2484,2569
1038,2,45876,DOWNTOWN,,1,2485,2569
1038,2,45877,DOWNTOWN,,1,2484,2569
1038,2,45878,DOWNTOWN,,1,2485,2569
1038,2,45879,DOWNTOWN,,1,2484,2569
1038,2,45880,DOWNTOWN,,1,2485,2569
1038,2,45881,DOWNTOWN,,1,2484,2569
1038,2,45882,DOWNTOWN,,1,2486,2570
1038,2,45883,DOWNTOWN,,1,2486,2570
1038,2,45884,DOWNTOWN,,1,2486,2570
1038,2,45885,DOWNTOWN,,1,2486,2570
1038,2,45886,DOWNTOWN,,1,2486,2570
1041,2,45971,WWU,,0,2486,2575
1041,2,45972,WWU,,0,2486,2575
1041,2,45973,WWU,,0,2486,2575
1041,2,45974,WWU,,0,2486,2575
1041,2,45975,WWU,,0,2486,2575
1041,2,45976,WWU,,0,2486,2575
1041,2,45977,WWU,,0,2486,2575
1041,2,45978,WWU,,0,2486,2575
1041,2,45979,WWU,,0,2486,2575
1041,2,45980,SAMISH/DOWNTOWN,,1,2486,2576
1041,2,45981,SAMISH/DOWNTOWN,,1,2486,2576
1041,2,45982,SAMISH/DOWNTOWN,,1,2486,2576
1041,2,45983,SAMISH/DOWNTOWN,,1,2486,2576
1041,2,45984,SAMISH/DOWNTOWN,,1,2486,2576
1041,2,45985,SAMISH/DOWNTOWN,,1,2486,2576
1041,2,45986,SAMISH/DOWNTOWN,,1,2486,2576
1041,2,45987,SAMISH/DOWNTOWN,,1,2486,2576
1041,2,45988,SAMISH/DOWNTOWN,,1,2486,2576
1042,2,46013,SAMISH/WWU,,0,2486,2577
1042,2,46014,SAMISH/WWU,,0,2486,2577
1042,2,46015,SAMISH/WWU,,0,2486,2577
1042,2,46016,SAMISH/WWU,,0,2486,2577
1042,2,46017,SAMISH/WWU,,0,2486,2577
1042,2,46018,SAMISH/WWU,,0,2486,2577
1042,2,46019,SAMISH/WWU,,0,2486,2577
1042,2,46020,SAMISH/WWU,,0,2486,2577
1042,2,46021,SAMISH/WWU,,0,2486,2577
1042,2,46022,DOWNTOWN,,1,2486,2578
1042,2,46023,DOWNTOWN,,1,2486,2578
1042,2,46024,DOWNTOWN,,1,2486,2578
1042,2,46025,DOWNTOWN,,1,2486,2578
1042,2,46026,DOWNTOWN,,1,2486,2578
1042,2,46027,DOWNTOWN,,1,2486,2578
1042,2,46028,DOWNTOWN,,1,2486,2578
1042,2,46029,DOWNTOWN,,1,2486,2578
1042,2,46030,DOWNTOWN,,1,2486,2578
1045,2,46108,FAIRHAVEN,,0,2503,2581
1045,2,46099,FAIRHAVEN,,0,2501,2581
1045,2,46109,FAIRHAVEN,,0,2504,2581
1045,2,46100,FAIRHAVEN,,0,2502,2581
1045,2,46110,FAIRHAVEN,,0,2505,2581
1045,2,46101,FAIRHAVEN,,0,2501,2581
1045,2,46111,FAIRHAVEN,,0,2503,2581
1045,2,46102,FAIRHAVEN,,0,2502,2581
1045,2,46112,FAIRHAVEN,,0,2504,2581
1045,2,46103,FAIRHAVEN,,0,2501,2581
1045,2,46113,FAIRHAVEN,,0,2505,2581
1045,2,46104,FAIRHAVEN,,0,2502,2581
1045,2,46114,FAIRHAVEN,,0,2503,2581
1045,2,46105,FAIRHAVEN,,0,2501,2581
1045,2,46115,FAIRHAVEN,,0,2504,2581
1045,2,46106,FAIRHAVEN,,0,2502,2581
1045,2,46116,FAIRHAVEN,,0,2505,2581
1045,2,46107,FAIRHAVEN,,0,2501,2581
1045,2,46117,FAIRHAVEN,,0,2502,2581
1045,2,46118,FAIRHAVEN,,0,2502,2581
1045,2,46119,FAIRHAVEN,,0,2502,2581
1045,2,46120,FAIRHAVEN,,0,2502,2581
1045,2,46121,FAIRHAVEN,,0,2502,2581
1045,2,46122,FAIRHAVEN,,0,2502,2581
1045,2,46132,DOWNTOWN,,1,2503,2582
1045,2,46123,DOWNTOWN,,1,2501,2582
1045,2,46133,DOWNTOWN,,1,2504,2582
1045,2,46124,DOWNTOWN,,1,2502,2582
1045,2,46134,DOWNTOWN,,1,2505,2582
1045,2,46125,DOWNTOWN,,1,2501,2582
1045,2,46135,DOWNTOWN,,1,2503,2582
1045,2,46126,DOWNTOWN,,1,2502,2582
1045,2,46136,DOWNTOWN,,1,2504,2582
1045,2,46127,DOWNTOWN,,1,2501,2582
1045,2,46137,DOWNTOWN,,1,2505,2582
1045,2,46128,DOWNTOWN,,1,2502,2582
1045,2,46138,DOWNTOWN,,1,2503,2582
1045,2,46129,DOWNTOWN,,1,2501,2582
1045,2,46139,DOWNTOWN,,1,2504,2582
1045,2,46130,DOWNTOWN,,1,2502,2582
1045,2,46140,DOWNTOWN,,1,2505,2582
1045,2,46131,DOWNTOWN,,1,2501,2582
1045,2,46141,DOWNTOWN,,1,2502,2582
1045,2,46142,DOWNTOWN,,1,2502,2582
1045,2,46143,DOWNTOWN,,1,2502,2582
1045,2,46144,DOWNTOWN,,1,2502,2582
1045,2,46145,DOWNTOWN,,1,2502,2582
1045,2,46146,DOWNTOWN,,1,2502,2582
1047,2,46241,CORDATA/WCC,,0,2502,2586
1047,2,46254,CORDATA/WCC,,0,2503,2586
1047,2,46242,CORDATA/WCC,,0,2501,2586
1047,2,46255,CORDATA/WCC,,0,2504,2586
1047,2,46243,CORDATA/WCC,,0,2502,2586
1047,2,46256,CORDATA/WCC,,0,2505,2586
1047,2,46244,CORDATA/WCC,,0,2501,2586
1047,2,46257,CORDATA/WCC,,0,2503,2586
1047,2,46245,CORDATA/WCC,,0,2502,2586
1047,2,46258,CORDATA/WCC,,0,2504,2586
1047,2,46246,CORDATA/WCC,,0,2501,2586
1047,2,46259,CORDATA/WCC,,0,2505,2586
1047,2,46247,CORDATA/WCC,,0,2502,2586
1047,2,46260,CORDATA/WCC,,0,2503,2586
1047,2,46248,CORDATA/WCC,,0,2501,2586
1047,2,46261,CORDATA/WCC,,0,2504,2586
1047,2,46249,CORDATA/WCC,,0,2502,2586
1047,2,46262,CORDATA/WCC,,0,2505,2586
1047,2,46250,CORDATA/WCC,,0,2509,2586
1047,2,46251,CORDATA/WCC,,0,2509,2586
1047,2,46252,CORDATA/WCC,,0,2509,2586
1047,2,46253,CORDATA/WCC,,0,2509,2586
1047,2,46275,DOWNTOWN,,1,2504,2587
1047,2,46263,DOWNTOWN,,1,2502,2587
1047,2,46276,DOWNTOWN,,1,2505,2587
1047,2,46264,DOWNTOWN,,1,2501,2587
1047,2,46277,DOWNTOWN,,1,2503,2587
1047,2,46265,DOWNTOWN,,1,2502,2587
1047,2,46278,DOWNTOWN,,1,2504,2587
1047,2,46266,DOWNTOWN,,1,2501,2587
1047,2,46279,DOWNTOWN,,1,2505,2587
1047,2,46267,DOWNTOWN,,1,2502,2587
1047,2,46280,DOWNTOWN,,1,2503,2587
1047,2,46268,DOWNTOWN,,1,2501,2587
1047,2,46281,DOWNTOWN,,1,2504,2587
1047,2,46269,DOWNTOWN,,1,2502,2587
1047,2,46282,DOWNTOWN,,1,2505,2587
1047,2,46270,DOWNTOWN,,1,2501,2587
1047,2,46283,DOWNTOWN,,1,2503,2587
1047,2,46271,DOWNTOWN,,1,2502,2587
1047,2,46272,DOWNTOWN,,1,2509,2587
1047,2,46273,DOWNTOWN,,1,2509,2587
1047,2,46274,DOWNTOWN,,1,2509,2587
1048,2,46356,LINCOLN CREEK,,0,2485,2588
1048,2,46357,LINCOLN CREEK,,0,2484,2588
1048,2,46358,LINCOLN CREEK,,0,2485,2588
1048,2,46359,LINCOLN CREEK,,0,2484,2588
1048,2,46360,LINCOLN CREEK,,0,2485,2588
1048,2,46361,LINCOLN CREEK,,0,2484,2588
1048,2,46362,LINCOLN CREEK,,0,2485,2588
1048,2,46363,LINCOLN CREEK,,0,2484,2588
1048,2,46364,LINCOLN CREEK,,0,2485,2588
1048,2,46365,DOWNTOWN,,1,2485,2589
1048,2,46366,DOWNTOWN,,1,2484,2589
1048,2,46367,DOWNTOWN,,1,2485,2589
1048,2,46368,DOWNTOWN,,1,2484,2589
1048,2,46369,DOWNTOWN,,1,2485,2589
1048,2,46370,DOWNTOWN,,1,2484,2589
1048,2,46371,DOWNTOWN,,1,2485,2589
1048,2,46372,DOWNTOWN,,1,2484,2589
1048,2,46373,DOWNTOWN,,1,2485,2589
1050,2,46414,WWU/LINCOLN,,0,2484,2592
1050,2,46416,WWU/LINCOLN,,0,2501,2592
1050,2,46411,WWU/LINCOLN,,0,2484,2592
1050,2,46417,WWU/LINCOLN,,0,2501,2592
1050,2,46412,WWU/LINCOLN,,0,2484,2592
1050,2,46418,WWU/LINCOLN,,0,2501,2592
1050,2,46413,WWU/LINCOLN,,0,2484,2592
1050,2,46419,WWU/LINCOLN,,0,2501,2592
1050,2,46415,WWU/LINCOLN,,0,2484,2592
1050,2,46420,WWU/LINCOLN,,0,2501,2592
1050,2,46424,LINCOLN/DOWNTOWN,,1,2484,2593
1050,2,46426,LINCOLN/DOWNTOWN,,1,2501,2593
1050,2,46421,LINCOLN/DOWNTOWN,,1,2484,2593
1050,2,46427,LINCOLN/DOWNTOWN,,1,2501,2593
1050,2,46422,LINCOLN/DOWNTOWN,,1,2484,2593
1050,2,46428,LINCOLN/DOWNTOWN,,1,2501,2593
1050,2,46423,LINCOLN/DOWNTOWN,,1,2484,2593
1050,2,46429,LINCOLN/DOWNTOWN,,1,2501,2593
1050,2,46425,LINCOLN/DOWNTOWN,,1,2484,2593
1050,2,46430,LINCOLN/DOWNTOWN,,1,2501,2593
1051,2,46461,LINCOLN/WWU,,0,2484,2594
1051,2,46462,LINCOLN/WWU,,0,2484,2594
1051,2,46463,LINCOLN/WWU,,0,2484,2594
1051,2,46464,LINCOLN/WWU,,0,2484,2594
1051,2,46465,DOWNTOWN,,1,2484,2595
1051,2,46466,DOWNTOWN,,1,2484,2595
1051,2,46467,DOWNTOWN,,1,2484,2595
1051,2,46468,DOWNTOWN,,1,2484,2595
1052,2,46595,CORDATA/WCC,,0,2519,2596
1052,2,46596,CORDATA/WCC,,0,2520,2596
1052,2,46597,CORDATA/WCC,,0,2519,2596
1052,2,46598,CORDATA/WCC,,0,2520,2596
1052,2,46599,CORDATA/WCC,,0,2519,2596
1052,2,46600,CORDATA/WCC,,0,2520,2596
1052,2,46601,CORDATA/WCC,,0,2519,2596
1052,2,46602,CORDATA/WCC,,0,2520,2596
1052,2,46603,CORDATA/WCC,,0,2519,2596
1052,2,46604,CORDATA/WCC,,0,2520,2596
1052,2,46605,CORDATA/WCC,,0,2519,2596
1052,2,46606,CORDATA/WCC,,0,2520,2596
1052,2,46607,CORDATA/WCC,,0,2519,2596
1052,2,46608,CORDATA/WCC,,0,2520,2596
1052,2,46609,CORDATA/WCC,,0,2519,2596
1052,2,46610,CORDATA/WCC,,0,2520,2596
1052,2,46611,CORDATA/WCC,,0,2519,2596
1052,2,46612,CORDATA/WCC,,0,2520,2596
1052,2,46613,CORDATA/WCC,,0,2519,2596
1052,2,46614,CORDATA/WCC,,0,2519,2596
1052,2,46615,CORDATA/WCC,,0,2519,2596
1052,2,46616,CORDATA/WCC,,0,2519,2596
1052,2,46617,CORDATA/WCC,,0,2519,2596
1052,2,46622,DOWNTOWN,,1,2521,2597
1052,2,46623,DOWNTOWN,,1,2522,2597
1052,2,46624,DOWNTOWN,,1,2521,2597
1052,2,46625,DOWNTOWN,,1,2522,2597
1052,2,46626,DOWNTOWN,,1,2521,2597
1052,2,46627,DOWNTOWN,,1,2522,2597
1052,2,46628,DOWNTOWN,,1,2521,2597
1052,2,46629,DOWNTOWN,,1,2522,2597
1052,2,46630,DOWNTOWN,,1,2521,2597
1052,2,46631,DOWNTOWN,,1,2522,2597
1052,2,46632,DOWNTOWN,,1,2521,2597
1052,2,46633,DOWNTOWN,,1,2522,2597
1052,2,46634,DOWNTOWN,,1,2521,2597
1052,2,46635,DOWNTOWN,,1,2522,2597
1052,2,46636,DOWNTOWN,,1,2521,2597
1052,2,46637,DOWNTOWN,,1,2522,2597
1052,2,46638,DOWNTOWN,,1,2521,2597
1052,2,46639,DOWNTOWN,,1,2522,2597
1052,2,46618,DOWNTOWN,,1,2521,2597
1052,2,46619,DOWNTOWN,,1,2521,2597
1052,2,46620,DOWNTOWN,,1,2521,2597
1052,2,46621,DOWNTOWN,,1,2521,2597
1053,2,46718,CORDATA,,0,2502,2598
1053,2,46719,CORDATA,,0,2501,2598
1053,2,46720,CORDATA,,0,2502,2598
1053,2,46721,CORDATA,,0,2501,2598
1053,2,46722,CORDATA,,0,2502,2598
1053,2,46723,CORDATA,,0,2501,2598
1053,2,46724,CORDATA,,0,2502,2598
1053,2,46725,CORDATA,,0,2501,2598
1053,2,46726,CORDATA,,0,2502,2598
1053,2,46727,CORDATA,,0,2509,2598
1053,2,46728,CORDATA,,0,2509,2598
1053,2,46729,CORDATA,,0,2509,2598
1053,2,46730,CORDATA,,1,2502,2599
1053,2,46731,CORDATA,,1,2501,2599
1053,2,46732,CORDATA,,1,2502,2599
1053,2,46733,CORDATA,,1,2501,2599
1053,2,46734,CORDATA,,1,2502,2599
1053,2,46735,CORDATA,,1,2501,2599
1053,2,46736,CORDATA,,1,2502,2599
1053,2,46737,CORDATA,,1,2501,2599
1053,2,46738,CORDATA,,1,2502,2599
1053,2,46739,CORDATA,,1,2509,2599
1053,2,46740,CORDATA,,1,2509,2599
1053,2,46741,CORDATA,,1,2509,2599
1055,2,46786,LYNDEN,,0,2530,2602
1055,2,46787,LYNDEN,,0,2530,2602
1055,2,46788,LYNDEN,,0,2530,2602
1055,2,46789,LYNDEN,,0,2530,2603
1055,2,46790,LYNDEN,,0,2530,2603
1055,2,46791,LYNDEN,,0,2530,2603
1055,2,46792,LYNDEN,,0,2530,2603
1055,2,46793,CORDATA/WCC,,1,2530,2604
1055,2,46794,CORDATA/WCC,,1,2530,2604
1055,2,46795,CORDATA/WCC,,1,2530,2604
1055,2,46796,CORDATA/WCC,,1,2530,2605
1055,2,46797,CORDATA/WCC,,1,2530,2605
1055,2,46798,CORDATA/WCC,,1,2530,2605
1055,2,46799,CORDATA/WCC,,1,2530,2605
1056,2,46826,FERNDALE,,0,2504,2607
1056,2,46827,FERNDALE,,0,2505,2607
1056,2,46828,FERNDALE,,0,2503,2607
1056,2,46829,FERNDALE,,0,2504,2607
1056,2,46830,FERNDALE,,0,2505,2607
1056,2,46831,FERNDALE,,0,2503,2607
1056,2,46832,FERNDALE,,0,2504,2607
1056,2,46833,FERNDALE,,0,2505,2607
1056,2,46834,FERNDALE,,0,2503,2607
1056,2,46835,FERNDALE,,0,2504,2607
1056,2,46836,CORDATA/WCC,,1,2504,2608
1056,2,46837,CORDATA/WCC,,1,2505,2608
1056,2,46838,CORDATA/WCC,,1,2503,2608
1056,2,46839,CORDATA/WCC,,1,2504,2608
1056,2,46840,CORDATA/WCC,,1,2505,2608
1056,2,46841,CORDATA/WCC,,1,2503,2608
1056,2,46842,CORDATA/WCC,,1,2504,2608
1056,2,46843,CORDATA/WCC,,1,2505,2608
1056,2,46844,CORDATA/WCC,,1,2503,2608
1056,2,46845,CORDATA/WCC,,1,2504,2608
1057,2,46871,MAPLEWOOD/CORDATA,,0,2533,2609
1057,2,46872,MAPLEWOOD/CORDATA,,0,2533,2609
1057,2,46873,MAPLEWOOD/CORDATA,,0,2533,2609
1057,2,46874,MAPLEWOOD/CORDATA,,0,2533,2609
1057,2,46875,MAPLEWOOD/CORDATA,,0,2533,2609
1057,2,46876,MAPLEWOOD/CORDATA,,0,2533,2609
1057,2,46877,MAPLEWOOD/CORDATA,,0,2533,2609
1057,2,46878,MAPLEWOOD/CORDATA,,0,2533,2609
1057,2,46879,MAPLEWOOD/CORDATA,,0,2533,2609
1057,2,46880,HOSPTIAL/DOWNTOWN,,1,2533,2610
1057,2,46881,HOSPTIAL/DOWNTOWN,,1,2533,2610
1057,2,46882,HOSPTIAL/DOWNTOWN,,1,2533,2610
1057,2,46883,HOSPTIAL/DOWNTOWN,,1,2533,2610
1057,2,46884,HOSPTIAL/DOWNTOWN,,1,2533,2610
1057,2,46885,HOSPTIAL/DOWNTOWN,,1,2533,2610
1057,2,46886,HOSPTIAL/DOWNTOWN,,1,2533,2610
1057,2,46887,HOSPTIAL/DOWNTOWN,,1,2533,2610
1057,2,46888,HOSPTIAL/DOWNTOWN,,1,2533,2610
1058,2,46994,CORDATA/WCC,,0,2521,2611
1058,2,46995,CORDATA/WCC,,0,2522,2611
1058,2,46996,CORDATA/WCC,,0,2521,2611
1058,2,46997,CORDATA/WCC,,0,2522,2611
1058,2,46998,CORDATA/WCC,,0,2521,2611
1058,2,46999,CORDATA/WCC,,0,2522,2611
1058,2,47000,CORDATA/WCC,,0,2521,2611
1058,2,47001,CORDATA/WCC,,0,2522,2611
1058,2,47002,CORDATA/WCC,,0,2521,2611
1058,2,47003,CORDATA/WCC,,0,2522,2611
1058,2,47004,CORDATA/WCC,,0,2521,2611
1058,2,47005,CORDATA/WCC,,0,2522,2611
1058,2,47006,CORDATA/WCC,,0,2521,2611
1058,2,47007,CORDATA/WCC,,0,2522,2611
1058,2,47008,CORDATA/WCC,,0,2521,2611
1058,2,47009,CORDATA/WCC,,0,2522,2611
1058,2,47010,CORDATA/WCC,,0,2521,2611
1058,2,47011,CORDATA/WCC,,0,2522,2611
1058,2,47012,CORDATA/WCC,,0,2521,2611
1058,2,47013,CORDATA/WCC,,0,2522,2611
1058,2,46990,CORDATA/WCC,,0,2521,2611
1058,2,46991,CORDATA/WCC,,0,2521,2611
1058,2,46992,CORDATA/WCC,,0,2521,2611
1058,2,46993,CORDATA/WCC,,0,2521,2611
1058,2,47014,DOWNTOWN,,1,2520,2612
1058,2,47015,DOWNTOWN,,1,2519,2612
1058,2,47016,DOWNTOWN,,1,2520,2612
1058,2,47017,DOWNTOWN,,1,2519,2612
1058,2,47018,DOWNTOWN,,1,2520,2612
1058,2,47019,DOWNTOWN,,1,2519,2612
1058,2,47020,DOWNTOWN,,1,2520,2612
1058,2,47021,DOWNTOWN,,1,2519,2612
1058,2,47022,DOWNTOWN,,1,2520,2612
1058,2,47023,DOWNTOWN,,1,2519,2612
1058,2,47024,DOWNTOWN,,1,2520,2612
1058,2,47025,DOWNTOWN,,1,2519,2612
1058,2,47026,DOWNTOWN,,1,2520,2612
1058,2,47027,DOWNTOWN,,1,2519,2612
1058,2,47028,DOWNTOWN,,1,2520,2612
1058,2,47029,DOWNTOWN,,1,2519,2612
1058,2,47030,DOWNTOWN,,1,2520,2612
1058,2,47031,DOWNTOWN,,1,2519,2612
1058,2,47032,DOWNTOWN,,1,2519,2612
1058,2,47033,DOWNTOWN,,1,2519,2612
1058,2,47034,DOWNTOWN,,1,2519,2612
1058,2,47035,DOWNTOWN,,1,2519,2612
1059,2,47116,HOSPITAL/CORDATA,,0,2535,2613
1059,2,47108,HOSPITAL/CORDATA,,0,2535,2613
1059,2,47109,HOSPITAL/CORDATA,,0,2535,2613
1059,2,47110,HOSPITAL/CORDATA,,0,2535,2613
1059,2,47111,HOSPITAL/CORDATA,,0,2535,2613
1059,2,47112,HOSPITAL/CORDATA,,0,2535,2613
1059,2,47113,HOSPITAL/CORDATA,,0,2535,2613
1059,2,47114,HOSPITAL/CORDATA,,0,2535,2613
1059,2,47115,HOSPITAL/CORDATA,,0,2535,2613
1059,2,47125,MAPLEWOOD/DOWNTOWN,,1,2535,2614
1059,2,47117,MAPLEWOOD/DOWNTOWN,,1,2535,2614
1059,2,47118,MAPLEWOOD/DOWNTOWN,,1,2535,2614
1059,2,47119,MAPLEWOOD/DOWNTOWN,,1,2535,2614
1059,2,47120,MAPLEWOOD/DOWNTOWN,,1,2535,2614
1059,2,47121,MAPLEWOOD/DOWNTOWN,,1,2535,2614
1059,2,47122,MAPLEWOOD/DOWNTOWN,,1,2535,2614
1059,2,47123,MAPLEWOOD/DOWNTOWN,,1,2535,2614
1059,2,47124,MAPLEWOOD/DOWNTOWN,,1,2535,2614
1060,2,47234,FAIRHAVEN,,0,2538,2615
1060,2,47235,FAIRHAVEN,,0,2538,2615
1060,2,47236,FAIRHAVEN,,0,2538,2615
1060,2,47237,FAIRHAVEN,,0,2538,2615
1060,2,47238,FAIRHAVEN,,0,2538,2615
1060,2,47239,FAIRHAVEN,,0,2538,2615
1060,2,47240,FAIRHAVEN,,0,2538,2615
1060,2,47241,FAIRHAVEN,,0,2538,2615
1060,2,47242,FAIRHAVEN,,0,2538,2615
1060,2,47243,FAIRHAVEN,,0,2538,2615
1060,2,47244,FAIRHAVEN,,0,2538,2615
1060,2,47245,FAIRHAVEN,,0,2538,2615
1060,2,47246,FAIRHAVEN,,0,2538,2615
1060,2,47247,FAIRHAVEN,,0,2538,2615
1060,2,47248,FAIRHAVEN,,0,2538,2615
1060,2,47249,FAIRHAVEN,,0,2538,2615
1060,2,47250,FAIRHAVEN,,0,2538,2615
1060,2,47251,FAIRHAVEN,,0,2538,2615
1060,2,47252,FAIRHAVEN,,0,2538,2615
1060,2,47253,FAIRHAVEN,,0,2538,2615
1060,2,47257,FAIRHAVEN,,0,2501,2615
1060,2,47254,FAIRHAVEN,,0,2538,2615
1060,2,47258,FAIRHAVEN,,0,2501,2615
1060,2,47255,FAIRHAVEN,,0,2538,2615
1060,2,47259,FAIRHAVEN,,0,2501,2615
1060,2,47256,FAIRHAVEN,,0,2538,2615
1060,2,47260,FAIRHAVEN,,0,2501,2615
1060,2,47261,DOWNTOWN,,1,2538,2616
1060,2,47262,DOWNTOWN,,1,2538,2616
1060,2,47263,DOWNTOWN,,1,2538,2616
1060,2,47264,DOWNTOWN,,1,2538,2616
1060,2,47265,DOWNTOWN,,1,2538,2616
1060,2,47266,DOWNTOWN,,1,2538,2616
1060,2,47267,DOWNTOWN,,1,2538,2616
1060,2,47268,DOWNTOWN,,1,2538,2616
1060,2,47269,DOWNTOWN,,1,2538,2616
1060,2,47270,DOWNTOWN,,1,2538,2616
1060,2,47271,DOWNTOWN,,1,2538,2616
1060,2,47272,DOWNTOWN,,1,2538,2616
1060,2,47273,DOWNTOWN,,1,2538,2616
1060,2,47274,DOWNTOWN,,1,2538,2616
1060,2,47275,DOWNTOWN,,1,2538,2616
1060,2,47276,DOWNTOWN,,1,2538,2616
1060,2,47277,DOWNTOWN,,1,2538,2616
1060,2,47278,DOWNTOWN,,1,2538,2616
1060,2,47279,DOWNTOWN,,1,2538,2616
1060,2,47280,DOWNTOWN,,1,2538,2616
1060,2,47284,DOWNTOWN,,1,2501,2616
1060,2,47281,DOWNTOWN,,1,2538,2616
1060,2,47285,DOWNTOWN,,1,2501,2616
1060,2,47282,DOWNTOWN,,1,2538,2616
1060,2,47286,DOWNTOWN,,1,2501,2616
1060,2,47283,DOWNTOWN,,1,2538,2616
1060,2,47287,DOWNTOWN,,1,2501,2616
1061,2,47328,Yew St AM,,0,2540,2617
1061,2,47329,Yew St AM,,0,2541,2617
1061,2,47330,Yew St AM,,0,2542,2617
1061,2,47331,Yew St AM,,1,2540,2618
1061,2,47332,Yew St AM,,1,2541,2618
1061,2,47333,Yew St AM,,1,2542,2618
1062,2,47348,Yew St PM,,0,2543,2619
1062,2,47349,Yew St PM,,0,2544,2619
1062,2,47350,Yew St PM,,0,2545,2619
1062,2,47351,Yew St PM,,0,2546,2619
1062,2,47352,Yew St PM,,0,2547,2619
1062,2,47353,Yew St PM,,0,2548,2619
1062,2,47354,Yew St PM,,1,2543,2620
1062,2,47355,Yew St PM,,1,2544,2620
1062,2,47356,Yew St PM,,1,2545,2620
1062,2,47357,Yew St PM,,1,2546,2620
1062,2,47358,Yew St PM,,1,2547,2620
1062,2,47359,Yew St PM,,1,2548,2620
1064,2,47379,CORDATA/WCC,,0,2773,2623
1064,2,47380,CORDATA/WCC,,0,2774,2623
1064,2,47381,BAKERVIEW SPUR,,1,2772,2624
1064,2,47382,BAKERVIEW SPUR,,1,2773,2624
1064,2,47383,BAKERVIEW SPUR,,1,2774,2624
1065,2,47393,DOWNTOWN,,0,2776,2625
1065,2,47394,DOWNTOWN,,0,2777,2625
1065,2,47395,BAKERVIEW SPUR,,1,2775,2626
1065,2,47396,BAKERVIEW SPUR,,1,2776,2626
1066,2,47413,GOOSEBERRY PT,,0,2558,2627
1066,2,47414,GOOSEBERRY PT,,0,2558,2627
1066,2,47415,GOOSEBERRY PT,,0,2558,2627
1066,2,47416,GOOSEBERRY PT,,0,2559,2627
1066,2,47417,GOOSEBERRY PT,,0,2559,2627
1066,2,47418,GOOSEBERRY PT,,0,2559,2627
1066,2,47419,DOWNTOWN,,1,2558,2628
1066,2,47420,DOWNTOWN,,1,2558,2628
1066,2,47421,DOWNTOWN,,1,2558,2628
1066,2,47422,DOWNTOWN,,1,2559,2628
1066,2,47423,DOWNTOWN,,1,2559,2628
1066,2,47424,DOWNTOWN,,1,2559,2628
1067,2,47451,SUDDEN VALLEY,,0,2509,2629
1067,2,47452,SUDDEN VALLEY,,0,2509,2629
1067,2,47453,SUDDEN VALLEY,,0,2509,2629
1067,2,47454,SUDDEN VALLEY,,0,2509,2629
1067,2,47455,SUDDEN VALLEY,,0,2509,2629
1067,2,47456,SUDDEN VALLEY,,0,2509,2629
1067,2,47457,SUDDEN VALLEY,,0,2509,2629
1067,2,47458,SUDDEN VALLEY,,0,2509,2629
1067,2,47459,SUDDEN VALLEY,,0,2509,2629
1067,2,47460,DOWNTOWN,,1,2509,2630
1067,2,47461,DOWNTOWN,,1,2509,2630
1067,2,47462,DOWNTOWN,,1,2509,2630
1067,2,47463,DOWNTOWN,,1,2509,2630
1067,2,47464,DOWNTOWN,,1,2509,2630
1067,2,47465,DOWNTOWN,,1,2509,2630
1067,2,47466,DOWNTOWN,,1,2509,2630
1067,2,47467,DOWNTOWN,,1,2509,2630
1067,2,47468,DOWNTOWN,,1,2509,2630
1067,2,47469,DOWNTOWN,,1,2509,2630
1068,2,47500,SUNSET,,0,2562,2632
1068,2,47501,SUNSET,,0,2562,2632
1068,2,47502,SUNSET,,0,2562,2632
1068,2,47503,SUNSET,,0,2562,2632
1068,2,47504,SUNSET,,0,2562,2632
1068,2,47505,SUNSET,,0,2562,2632
1068,2,47506,SUNSET,,0,2562,2632
1068,2,47507,SUNSET,,0,2562,2632
1068,2,47508,SUNSET,,0,2562,2632
1068,2,47509,SUNSET,,0,2562,2632
1068,2,47510,LAKEWAY ONLY,,0,2538,2633
1068,2,47511,LAKEWAY ONLY,,0,2538,2633
1068,2,47512,LAKEWAY ONLY,,0,2538,2633
1068,2,47513,DOWNTOWN,,1,2562,2634
1068,2,47514,DOWNTOWN,,1,2562,2634
1068,2,47515,DOWNTOWN,,1,2562,2634
1068,2,47516,DOWNTOWN,,1,2562,2634
1068,2,47517,DOWNTOWN,,1,2562,2634
1068,2,47518,DOWNTOWN,,1,2562,2634
1068,2,47519,DOWNTOWN,,1,2562,2634
1068,2,47520,DOWNTOWN,,1,2562,2634
1068,2,47521,DOWNTOWN,,1,2562,2634
1068,2,47522,DOWNTOWN,,1,2538,2635
1068,2,47523,DOWNTOWN,,1,2538,2635
1068,2,47524,DOWNTOWN,,1,2538,2635
1069,2,47574,SQUALICUM H.S.,,0,2563,2636
1069,2,47575,SQUALICUM H.S.,,0,2563,2636
1069,2,47576,SQUALICUM H.S.,,0,2563,2636
1069,2,47577,SQUALICUM H.S.,,0,2563,2636
1069,2,47578,SQUALICUM H.S.,,0,2563,2636
1069,2,47579,SQUALICUM H.S.,,0,2563,2636
1069,2,47580,SQUALICUM H.S.,,0,2563,2636
1069,2,47581,SQUALICUM H.S.,,0,2563,2636
1069,2,47582,SQUALICUM H.S.,,0,2563,2636
1069,2,47591,DOWNTOWN,,1,2563,2637
1069,2,47583,DOWNTOWN,,1,2563,2637
1069,2,47584,DOWNTOWN,,1,2563,2637
1069,2,47585,DOWNTOWN,,1,2563,2637
1069,2,47586,DOWNTOWN,,1,2563,2637
1069,2,47587,DOWNTOWN,,1,2563,2637
1069,2,47588,DOWNTOWN,,1,2563,2637
1069,2,47589,DOWNTOWN,,1,2563,2637
1069,2,47590,DOWNTOWN,,1,2563,2637
1069,2,47592,SQUALICUM H.S.,,1,2563,2638
1070,2,47603,CORDATA/WCC,,0,2770,2639
1070,2,47604,CORDATA/WCC,,0,2771,2639
1070,2,47605,BLAINE/BIRCH BAY,,1,2770,2642
1070,2,47606,BLAINE/BIRCH BAY,,1,2771,2642
1073,2,47625,E/N/S,,0,2773,2653
1073,2,47626,E/N/S,,0,2774,2653
1073,2,47627,CORDATA/WCC,,1,2772,2654
1073,2,47628,CORDATA/WCC,,1,2773,2654
1073,2,47629,CORDATA/WCC,,1,2774,2654
1074,2,49708,KENDALL,,0,2775,2792
1074,2,49709,KENDALL,,0,2776,2789
1074,2,49710,KENDALL,,0,2777,2789
1074,2,49711,BELLINGHAM,,1,2775,2791
1074,2,49712,BELLINGHAM,,1,2776,2791
1074,2,49713,SUNSET SQUARE ONLY,,1,2777,2658
1078,2,47670,MT VERNON,,0,0,2668
1078,2,47671,MT VERNON,,0,0,2668
1078,2,47668,MT VERNON,,0,2569,2668
1078,2,47669,MT VERNON,,0,2569,2668
1078,2,47674,BELLINGHAM,,1,0,2669
1078,2,47675,BELLINGHAM,,1,0,2669
1078,2,47672,BELLINGHAM,,1,2569,2669
1078,2,47673,BELLINGHAM,,1,2569,2669
1038,3,45899,FAIRHAVEN,,0,2487,2568
1038,3,45887,FAIRHAVEN,,0,2487,2568
1038,3,45888,FAIRHAVEN,,0,2487,2568
1038,3,45889,FAIRHAVEN,,0,2487,2568
1038,3,45890,FAIRHAVEN,,0,2487,2568
1038,3,45891,FAIRHAVEN,,0,2487,2568
1038,3,45892,FAIRHAVEN,,0,2487,2568
1038,3,45893,FAIRHAVEN,,0,2487,2568
1038,3,45894,FAIRHAVEN,,0,2487,2568
1038,3,45895,FAIRHAVEN,,0,2487,2568
1038,3,45896,FAIRHAVEN,,0,2487,2568
1038,3,45897,FAIRHAVEN,,0,2487,2568
1038,3,45898,FAIRHAVEN,,0,2487,2568
1038,3,45914,DOWNTOWN,,1,2487,2570
1038,3,45900,DOWNTOWN,,1,2487,2570
1038,3,45901,DOWNTOWN,,1,2487,2570
1038,3,45902,DOWNTOWN,,1,2487,2570
1038,3,45903,DOWNTOWN,,1,2487,2570
1038,3,45904,DOWNTOWN,,1,2487,2570
1038,3,45905,DOWNTOWN,,1,2487,2570
1038,3,45906,DOWNTOWN,,1,2487,2570
1038,3,45907,DOWNTOWN,,1,2487,2570
1038,3,45908,DOWNTOWN,,1,2487,2570
1038,3,45909,DOWNTOWN,,1,2487,2570
1038,3,45910,DOWNTOWN,,1,2487,2570
1038,3,45911,DOWNTOWN,,1,2487,2570
1038,3,45912,DOWNTOWN,,1,2487,2570
1038,3,45913,DOWNTOWN,,1,2487,2570
1045,3,46161,FAIRHAVEN,,0,2506,2581
1045,3,46147,FAIRHAVEN,,0,2506,2581
1045,3,46148,FAIRHAVEN,,0,2506,2581
1045,3,46149,FAIRHAVEN,,0,2506,2581
1045,3,46150,FAIRHAVEN,,0,2506,2581
1045,3,46151,FAIRHAVEN,,0,2506,2581
1045,3,46152,FAIRHAVEN,,0,2506,2581
1045,3,46153,FAIRHAVEN,,0,2506,2581
1045,3,46154,FAIRHAVEN,,0,2506,2581
1045,3,46155,FAIRHAVEN,,0,2506,2581
1045,3,46156,FAIRHAVEN,,0,2506,2581
1045,3,46157,FAIRHAVEN,,0,2506,2581
1045,3,46158,FAIRHAVEN,,0,2506,2581
1045,3,46159,FAIRHAVEN,,0,2506,2581
1045,3,46160,FAIRHAVEN,,0,2506,2581
1045,3,46162,FAIRHAVEN,,0,2506,2581
1045,3,46177,DOWNTOWN,,1,2506,2582
1045,3,46163,DOWNTOWN,,1,2506,2582
1045,3,46164,DOWNTOWN,,1,2506,2582
1045,3,46165,DOWNTOWN,,1,2506,2582
1045,3,46166,DOWNTOWN,,1,2506,2582
1045,3,46167,DOWNTOWN,,1,2506,2582
1045,3,46168,DOWNTOWN,,1,2506,2582
1045,3,46169,DOWNTOWN,,1,2506,2582
1045,3,46170,DOWNTOWN,,1,2506,2582
1045,3,46171,DOWNTOWN,,1,2506,2582
1045,3,46172,DOWNTOWN,,1,2506,2582
1045,3,46173,DOWNTOWN,,1,2506,2582
1045,3,46174,DOWNTOWN,,1,2506,2582
1045,3,46175,DOWNTOWN,,1,2506,2582
1045,3,46176,DOWNTOWN,,1,2506,2582
1045,3,46178,DOWNTOWN,,1,2506,2582
1047,3,46294,CORDATA/WCC,,0,2510,2586
1047,3,46284,CORDATA/WCC,,0,2510,2586
1047,3,46285,CORDATA/WCC,,0,2510,2586
1047,3,46286,CORDATA/WCC,,0,2510,2586
1047,3,46287,CORDATA/WCC,,0,2510,2586
1047,3,46288,CORDATA/WCC,,0,2510,2586
1047,3,46289,CORDATA/WCC,,0,2510,2586
1047,3,46290,CORDATA/WCC,,0,2510,2586
1047,3,46291,CORDATA/WCC,,0,2510,2586
1047,3,46292,CORDATA/WCC,,0,2510,2586
1047,3,46293,CORDATA/WCC,,0,2510,2586
1047,3,46295,CORDATA/WCC,,0,2510,2586
1047,3,46306,DOWNTOWN,,1,2510,2587
1047,3,46296,DOWNTOWN,,1,2510,2587
1047,3,46297,DOWNTOWN,,1,2510,2587
1047,3,46298,DOWNTOWN,,1,2510,2587
1047,3,46299,DOWNTOWN,,1,2510,2587
1047,3,46300,DOWNTOWN,,1,2510,2587
1047,3,46301,DOWNTOWN,,1,2510,2587
1047,3,46302,DOWNTOWN,,1,2510,2587
1047,3,46303,DOWNTOWN,,1,2510,2587
1047,3,46304,DOWNTOWN,,1,2510,2587
1047,3,46305,DOWNTOWN,,1,2510,2587
1047,3,46307,DOWNTOWN,,1,2510,2587
1050,3,46441,WWU/LINCOLN,,0,2512,2592
1050,3,46431,WWU/LINCOLN,,0,2512,2592
1050,3,46432,WWU/LINCOLN,,0,2512,2592
1050,3,46433,WWU/LINCOLN,,0,2512,2592
1050,3,46434,WWU/LINCOLN,,0,2512,2592
1050,3,46435,WWU/LINCOLN,,0,2512,2592
1050,3,46436,WWU/LINCOLN,,0,2512,2592
1050,3,46437,WWU/LINCOLN,,0,2512,2592
1050,3,46438,WWU/LINCOLN,,0,2512,2592
1050,3,46439,WWU/LINCOLN,,0,2512,2592
1050,3,46440,WWU/LINCOLN,,0,2512,2592
1050,3,46442,WWU/LINCOLN,,0,2512,2592
1050,3,46453,LINCOLN/DOWNTOWN,,1,2512,2593
1050,3,46443,LINCOLN/DOWNTOWN,,1,2512,2593
1050,3,46444,LINCOLN/DOWNTOWN,,1,2512,2593
1050,3,46445,LINCOLN/DOWNTOWN,,1,2512,2593
1050,3,46446,LINCOLN/DOWNTOWN,,1,2512,2593
1050,3,46447,LINCOLN/DOWNTOWN,,1,2512,2593
1050,3,46448,LINCOLN/DOWNTOWN,,1,2512,2593
1050,3,46449,LINCOLN/DOWNTOWN,,1,2512,2593
1050,3,46450,LINCOLN/DOWNTOWN,,1,2512,2593
1050,3,46451,LINCOLN/DOWNTOWN,,1,2512,2593
1050,3,46452,LINCOLN/DOWNTOWN,,1,2512,2593
1050,3,46454,LINCOLN/DOWNTOWN,,1,2512,2593
1051,3,46479,LINCOLN/WWU,,0,2512,2594
1051,3,46469,LINCOLN/WWU,,0,2512,2594
1051,3,46470,LINCOLN/WWU,,0,2512,2594
1051,3,46471,LINCOLN/WWU,,0,2512,2594
1051,3,46472,LINCOLN/WWU,,0,2512,2594
1051,3,46473,LINCOLN/WWU,,0,2512,2594
1051,3,46474,LINCOLN/WWU,,0,2512,2594
1051,3,46475,LINCOLN/WWU,,0,2512,2594
1051,3,46476,LINCOLN/WWU,,0,2512,2594
1051,3,46477,LINCOLN/WWU,,0,2512,2594
1051,3,46478,LINCOLN/WWU,,0,2512,2594
1051,3,46480,LINCOLN/WWU,,0,2512,2594
1051,3,46491,DOWNTOWN,,1,2512,2595
1051,3,46481,DOWNTOWN,,1,2512,2595
1051,3,46482,DOWNTOWN,,1,2512,2595
1051,3,46483,DOWNTOWN,,1,2512,2595
1051,3,46484,DOWNTOWN,,1,2512,2595
1051,3,46485,DOWNTOWN,,1,2512,2595
1051,3,46486,DOWNTOWN,,1,2512,2595
1047,1,46191,CORDATA/WCC,,0,2499,2586
1047,1,46192,CORDATA/WCC,,0,2500,2586
1047,1,46193,CORDATA/WCC,,0,2483,2586
1047,1,46194,CORDATA/WCC,,0,2498,2586
1047,1,46195,CORDATA/WCC,,0,2497,2586
1047,1,46196,CORDATA/WCC,,0,2500,2586
1047,1,46197,CORDATA/WCC,,0,2499,2586
1047,1,46198,CORDATA/WCC,,0,2498,2586
1047,1,46199,CORDATA/WCC,,0,2483,2586
1047,1,46200,CORDATA/WCC,,0,2500,2586
1047,1,46201,CORDATA/WCC,,0,2497,2586
1047,1,46202,CORDATA/WCC,,0,2498,2586
1047,1,46203,CORDATA/WCC,,0,2499,2586
1047,1,46204,CORDATA/WCC,,0,2500,2586
1047,1,46205,CORDATA/WCC,,0,2483,2586
1047,1,46206,CORDATA/WCC,,0,2498,2586
1047,1,46207,CORDATA/WCC,,0,2497,2586
1047,1,46208,CORDATA/WCC,,0,2500,2586
1047,1,46209,CORDATA/WCC,,0,2499,2586
1047,1,46210,CORDATA/WCC,,0,2508,2586
1047,1,46211,CORDATA/WCC,,0,2508,2586
1047,1,46212,CORDATA/WCC,,0,2508,2586
1047,1,46213,CORDATA/WCC,,0,2508,2586
1047,1,46214,DOWNTOWN,,1,2497,2587
1047,1,46215,DOWNTOWN,,1,2498,2587
1047,1,46216,DOWNTOWN,,1,2499,2587
1047,1,46217,DOWNTOWN,,1,2500,2587
1047,1,46218,DOWNTOWN,,1,2483,2587
1047,1,46219,DOWNTOWN,,1,2498,2587
1047,1,46220,DOWNTOWN,,1,2497,2587
1047,1,46221,DOWNTOWN,,1,2500,2587
1047,1,46222,DOWNTOWN,,1,2499,2587
1047,1,46223,DOWNTOWN,,1,2498,2587
1047,1,46224,DOWNTOWN,,1,2483,2587
1047,1,46225,DOWNTOWN,,1,2500,2587
1047,1,46226,DOWNTOWN,,1,2497,2587
1047,1,46227,DOWNTOWN,,1,2498,2587
1047,1,46228,DOWNTOWN,,1,2499,2587
1047,1,46229,DOWNTOWN,,1,2500,2587
1047,1,46230,DOWNTOWN,,1,2483,2587
1047,1,46231,DOWNTOWN,,1,2498,2587
1047,1,46232,DOWNTOWN,,1,2497,2587
1047,1,46233,DOWNTOWN,,1,2500,2587
1047,1,46234,DOWNTOWN,,1,2499,2587
1047,1,46235,DOWNTOWN,,1,2498,2587
1047,1,46236,DOWNTOWN,,1,2483,2587
1047,1,46237,DOWNTOWN,,1,2500,2587
1047,1,46238,DOWNTOWN,,1,2508,2587
1047,1,46239,DOWNTOWN,,1,2508,2587
1047,1,46240,DOWNTOWN,,1,2508,2587
1048,1,46330,LINCOLN CREEK,,0,2494,2588
1048,1,46331,LINCOLN CREEK,,0,2481,2588
1048,1,46308,LINCOLN CREEK,,0,2495,2588
1048,1,46309,LINCOLN CREEK,,0,2482,2588
1048,1,46310,LINCOLN CREEK,,0,2493,2588
1048,1,46311,LINCOLN CREEK,,0,2480,2588
1048,1,46312,LINCOLN CREEK,,0,2494,2588
1048,1,46313,LINCOLN CREEK,,0,2481,2588
1048,1,46314,LINCOLN CREEK,,0,2495,2588
1048,1,46315,LINCOLN CREEK,,0,2482,2588
1048,1,46316,LINCOLN CREEK,,0,2493,2588
1048,1,46317,LINCOLN CREEK,,0,2480,2588
1048,1,46318,LINCOLN CREEK,,0,2494,2588
1048,1,46319,LINCOLN CREEK,,0,2481,2588
1048,1,46320,LINCOLN CREEK,,0,2495,2588
1048,1,46321,LINCOLN CREEK,,0,2482,2588
1048,1,46322,LINCOLN CREEK,,0,2493,2588
1048,1,46323,LINCOLN CREEK,,0,2480,2588
1048,1,46324,LINCOLN CREEK,,0,2494,2588
1048,1,46325,LINCOLN CREEK,,0,2481,2588
1048,1,46326,LINCOLN CREEK,,0,2495,2588
1048,1,46327,LINCOLN CREEK,,0,2482,2588
1048,1,46328,LINCOLN CREEK,,0,2493,2588
1048,1,46329,LINCOLN CREEK,,0,2480,2588
1048,1,46332,LINCOLN CREEK,,0,2492,2588
1048,1,46333,DOWNTOWN,,1,2494,2589
1048,1,46334,DOWNTOWN,,1,2481,2589
1048,1,46335,DOWNTOWN,,1,2495,2589
1048,1,46336,DOWNTOWN,,1,2482,2589
1048,1,46337,DOWNTOWN,,1,2493,2589
1048,1,46338,DOWNTOWN,,1,2480,2589
1048,1,46339,DOWNTOWN,,1,2494,2589
1048,1,46340,DOWNTOWN,,1,2481,2589
1048,1,46341,DOWNTOWN,,1,2495,2589
1048,1,46342,DOWNTOWN,,1,2482,2589
1048,1,46343,DOWNTOWN,,1,2493,2589
1048,1,46344,DOWNTOWN,,1,2480,2589
1048,1,46345,DOWNTOWN,,1,2494,2589
1048,1,46346,DOWNTOWN,,1,2481,2589
1048,1,46347,DOWNTOWN,,1,2495,2589
1048,1,46348,DOWNTOWN,,1,2482,2589
1048,1,46349,DOWNTOWN,,1,2493,2589
1048,1,46350,DOWNTOWN,,1,2480,2589
1048,1,46351,DOWNTOWN,,1,2494,2589
1048,1,46352,DOWNTOWN,,1,2481,2589
1048,1,46353,DOWNTOWN,,1,2495,2589
1048,1,46354,DOWNTOWN,,1,2482,2589
1048,1,46355,DOWNTOWN,,1,2493,2589
1050,1,46393,WWU/LINCOLN,,0,2495,2592
1050,1,46394,WWU/LINCOLN,,0,2482,2592
1050,1,46395,WWU/LINCOLN,,0,2495,2592
1050,1,46396,WWU/LINCOLN,,0,2482,2592
1050,1,46397,WWU/LINCOLN,,0,2495,2592
1050,1,46398,WWU/LINCOLN,,0,2482,2592
1050,1,46399,WWU/LINCOLN,,0,2495,2592
1050,1,46400,WWU/LINCOLN,,0,2482,2592
1050,1,46401,WWU/LINCOLN,,0,2495,2592
1050,1,46402,LINCOLN/DOWNTOWN,,1,2495,2593
1050,1,46403,LINCOLN/DOWNTOWN,,1,2482,2593
1050,1,46404,LINCOLN/DOWNTOWN,,1,2495,2593
1050,1,46405,LINCOLN/DOWNTOWN,,1,2482,2593
1050,1,46406,LINCOLN/DOWNTOWN,,1,2495,2593
1050,1,46407,LINCOLN/DOWNTOWN,,1,2482,2593
1050,1,46408,LINCOLN/DOWNTOWN,,1,2495,2593
1050,1,46409,LINCOLN/DOWNTOWN,,1,2482,2593
1050,1,46410,LINCOLN/DOWNTOWN,,1,2495,2593
1051,1,46455,LINCOLN/WWU,,0,2482,2594
1051,1,46456,LINCOLN/WWU,,0,2482,2594
1051,1,46457,LINCOLN/WWU,,0,2482,2594
1051,1,46458,DOWNTOWN,,1,2482,2595
1051,1,46459,DOWNTOWN,,1,2482,2595
1051,1,46460,DOWNTOWN,,1,2482,2595
1052,1,46493,CORDATA/WCC,,0,2495,2596
1052,1,46494,CORDATA/WCC,,0,2513,2596
1052,1,46495,CORDATA/WCC,,0,2514,2596
1052,1,46496,CORDATA/WCC,,0,2493,2596
1052,1,46497,CORDATA/WCC,,0,2515,2596
1052,1,46498,CORDATA/WCC,,0,2513,2596
1052,1,46499,CORDATA/WCC,,0,2514,2596
1052,1,46500,CORDATA/WCC,,0,2494,2596
1052,1,46501,CORDATA/WCC,,0,2515,2596
1052,1,46502,CORDATA/WCC,,0,2513,2596
1052,1,46503,CORDATA/WCC,,0,2514,2596
1052,1,46504,CORDATA/WCC,,0,2495,2596
1052,1,46505,CORDATA/WCC,,0,2515,2596
1052,1,46506,CORDATA/WCC,,0,2513,2596
1052,1,46507,CORDATA/WCC,,0,2514,2596
1052,1,46508,CORDATA/WCC,,0,2493,2596
1052,1,46509,CORDATA/WCC,,0,2515,2596
1052,1,46510,CORDATA/WCC,,0,2513,2596
1052,1,46511,CORDATA/WCC,,0,2514,2596
1052,1,46512,CORDATA/WCC,,0,2494,2596
1052,1,46513,CORDATA/WCC,,0,2515,2596
1052,1,46514,CORDATA/WCC,,0,2513,2596
1052,1,46515,CORDATA/WCC,,0,2514,2596
1052,1,46516,CORDATA/WCC,,0,2495,2596
1052,1,46517,CORDATA/WCC,,0,2515,2596
1052,1,46518,CORDATA/WCC,,0,2513,2596
1052,1,46519,CORDATA/WCC,,0,2514,2596
1052,1,46520,CORDATA/WCC,,0,2493,2596
1052,1,46521,CORDATA/WCC,,0,2515,2596
1052,1,46522,CORDATA/WCC,,0,2513,2596
1052,1,46523,CORDATA/WCC,,0,2514,2596
1052,1,46524,CORDATA/WCC,,0,2494,2596
1052,1,46525,CORDATA/WCC,,0,2515,2596
1052,1,46526,CORDATA/WCC,,0,2513,2596
1052,1,46527,CORDATA/WCC,,0,2514,2596
1052,1,46528,CORDATA/WCC,,0,2495,2596
1052,1,46529,CORDATA/WCC,,0,2515,2596
1052,1,46530,CORDATA/WCC,,0,2513,2596
1052,1,46531,CORDATA/WCC,,0,2514,2596
1052,1,46532,CORDATA/WCC,,0,2493,2596
1052,1,46533,CORDATA/WCC,,0,2515,2596
1052,1,46534,CORDATA/WCC,,0,2513,2596
1052,1,46535,CORDATA/WCC,,0,2514,2596
1052,1,46536,CORDATA/WCC,,0,2494,2596
1052,1,46537,CORDATA/WCC,,0,2515,2596
1051,3,46487,DOWNTOWN,,1,2512,2595
1051,3,46488,DOWNTOWN,,1,2512,2595
1051,3,46489,DOWNTOWN,,1,2512,2595
1051,3,46490,DOWNTOWN,,1,2512,2595
1051,3,46492,DOWNTOWN,,1,2512,2595
1052,3,46660,CORDATA/WCC,,0,2523,2596
1052,3,46661,CORDATA/WCC,,0,2524,2596
1052,3,46640,CORDATA/WCC,,0,2523,2596
1052,3,46641,CORDATA/WCC,,0,2524,2596
1052,3,46642,CORDATA/WCC,,0,2523,2596
1052,3,46643,CORDATA/WCC,,0,2524,2596
1052,3,46644,CORDATA/WCC,,0,2523,2596
1052,3,46645,CORDATA/WCC,,0,2524,2596
1052,3,46646,CORDATA/WCC,,0,2523,2596
1052,3,46647,CORDATA/WCC,,0,2524,2596
1052,3,46648,CORDATA/WCC,,0,2523,2596
1052,3,46649,CORDATA/WCC,,0,2524,2596
1052,3,46650,CORDATA/WCC,,0,2523,2596
1052,3,46651,CORDATA/WCC,,0,2524,2596
1052,3,46652,CORDATA/WCC,,0,2523,2596
1052,3,46653,CORDATA/WCC,,0,2524,2596
1052,3,46654,CORDATA/WCC,,0,2523,2596
1052,3,46655,CORDATA/WCC,,0,2524,2596
1052,3,46656,CORDATA/WCC,,0,2523,2596
1052,3,46657,CORDATA/WCC,,0,2524,2596
1052,3,46658,CORDATA/WCC,,0,2523,2596
1052,3,46659,CORDATA/WCC,,0,2524,2596
1052,3,46662,CORDATA/WCC,,0,2523,2596
1052,3,46663,CORDATA/WCC,,0,2524,2596
1052,3,46684,DOWNTOWN,,1,2525,2597
1052,3,46685,DOWNTOWN,,1,2526,2597
1052,3,46664,DOWNTOWN,,1,2525,2597
1052,3,46665,DOWNTOWN,,1,2526,2597
1052,3,46666,DOWNTOWN,,1,2525,2597
1052,3,46667,DOWNTOWN,,1,2526,2597
1052,3,46668,DOWNTOWN,,1,2525,2597
1052,3,46669,DOWNTOWN,,1,2526,2597
1052,3,46670,DOWNTOWN,,1,2525,2597
1052,3,46671,DOWNTOWN,,1,2526,2597
1052,3,46672,DOWNTOWN,,1,2525,2597
1052,3,46673,DOWNTOWN,,1,2526,2597
1052,3,46674,DOWNTOWN,,1,2525,2597
1052,3,46675,DOWNTOWN,,1,2526,2597
1052,3,46676,DOWNTOWN,,1,2525,2597
1052,3,46677,DOWNTOWN,,1,2526,2597
1052,3,46678,DOWNTOWN,,1,2525,2597
1052,3,46679,DOWNTOWN,,1,2526,2597
1052,3,46680,DOWNTOWN,,1,2525,2597
1052,3,46681,DOWNTOWN,,1,2526,2597
1052,3,46682,DOWNTOWN,,1,2525,2597
1052,3,46683,DOWNTOWN,,1,2526,2597
1052,3,46686,DOWNTOWN,,1,2525,2597
1052,3,46687,DOWNTOWN,,1,2526,2597
1053,3,46752,CORDATA,,0,2510,2598
1053,3,46742,CORDATA,,0,2510,2598
1053,3,46743,CORDATA,,0,2510,2598
1053,3,46744,CORDATA,,0,2510,2598
1053,3,46745,CORDATA,,0,2510,2598
1053,3,46746,CORDATA,,0,2510,2598
1053,3,46747,CORDATA,,0,2510,2598
1053,3,46748,CORDATA,,0,2510,2598
1053,3,46749,CORDATA,,0,2510,2598
1053,3,46750,CORDATA,,0,2510,2598
1053,3,46751,CORDATA,,0,2510,2598
1053,3,46753,CORDATA,,0,2510,2598
1053,3,46764,CORDATA,,1,2510,2599
1053,3,46754,CORDATA,,1,2510,2599
1053,3,46755,CORDATA,,1,2510,2599
1053,3,46756,CORDATA,,1,2510,2599
1053,3,46757,CORDATA,,1,2510,2599
1053,3,46758,CORDATA,,1,2510,2599
1053,3,46759,CORDATA,,1,2510,2599
1053,3,46760,CORDATA,,1,2510,2599
1053,3,46761,CORDATA,,1,2510,2599
1053,3,46762,CORDATA,,1,2510,2599
1053,3,46763,CORDATA,,1,2510,2599
1053,3,46765,CORDATA,,1,2510,2599
1058,3,47056,CORDATA/WCC,,0,2525,2611
1058,3,47057,CORDATA/WCC,,0,2526,2611
1058,3,47036,CORDATA/WCC,,0,2525,2611
1058,3,47037,CORDATA/WCC,,0,2526,2611
1058,3,47038,CORDATA/WCC,,0,2525,2611
1058,3,47039,CORDATA/WCC,,0,2526,2611
1058,3,47040,CORDATA/WCC,,0,2525,2611
1058,3,47041,CORDATA/WCC,,0,2526,2611
1058,3,47042,CORDATA/WCC,,0,2525,2611
1058,3,47043,CORDATA/WCC,,0,2526,2611
1058,3,47044,CORDATA/WCC,,0,2525,2611
1058,3,47045,CORDATA/WCC,,0,2526,2611
1058,3,47046,CORDATA/WCC,,0,2525,2611
1058,3,47047,CORDATA/WCC,,0,2526,2611
1058,3,47048,CORDATA/WCC,,0,2525,2611
1058,3,47049,CORDATA/WCC,,0,2526,2611
1058,3,47050,CORDATA/WCC,,0,2525,2611
1058,3,47051,CORDATA/WCC,,0,2526,2611
1058,3,47052,CORDATA/WCC,,0,2525,2611
1058,3,47053,CORDATA/WCC,,0,2526,2611
1058,3,47054,CORDATA/WCC,,0,2525,2611
1058,3,47055,CORDATA/WCC,,0,2526,2611
1058,3,47058,CORDATA/WCC,,0,2525,2611
1058,3,47059,CORDATA/WCC,,0,2526,2611
1058,3,47079,DOWNTOWN,,1,2523,2612
1058,3,47080,DOWNTOWN,,1,2524,2612
1058,3,47060,DOWNTOWN,,1,2523,2612
1058,3,47061,DOWNTOWN,,1,2524,2612
1058,3,47062,DOWNTOWN,,1,2523,2612
1058,3,47063,DOWNTOWN,,1,2524,2612
1058,3,47064,DOWNTOWN,,1,2523,2612
1058,3,47065,DOWNTOWN,,1,2524,2612
1058,3,47066,DOWNTOWN,,1,2523,2612
1058,3,47067,DOWNTOWN,,1,2524,2612
1058,3,47068,DOWNTOWN,,1,2523,2612
1058,3,47069,DOWNTOWN,,1,2524,2612
1058,3,47070,DOWNTOWN,,1,2523,2612
1058,3,47071,DOWNTOWN,,1,2524,2612
1058,3,47072,DOWNTOWN,,1,2523,2612
1058,3,47073,DOWNTOWN,,1,2524,2612
1058,3,47074,DOWNTOWN,,1,2523,2612
1058,3,47075,DOWNTOWN,,1,2524,2612
1058,3,47076,DOWNTOWN,,1,2523,2612
1058,3,47077,DOWNTOWN,,1,2524,2612
1058,3,47078,DOWNTOWN,,1,2523,2612
1058,3,47081,DOWNTOWN,,1,2524,2612
1058,3,47082,DOWNTOWN,,1,2523,2612
1060,3,47300,FAIRHAVEN,,0,2539,2615
1060,3,47288,FAIRHAVEN,,0,2539,2615
1060,3,47289,FAIRHAVEN,,0,2539,2615
1060,3,47290,FAIRHAVEN,,0,2539,2615
1060,3,47291,FAIRHAVEN,,0,2539,2615
1060,3,47292,FAIRHAVEN,,0,2539,2615
1060,3,47293,FAIRHAVEN,,0,2539,2615
1060,3,47294,FAIRHAVEN,,0,2539,2615
1060,3,47295,FAIRHAVEN,,0,2539,2615
1060,3,47296,FAIRHAVEN,,0,2539,2615
1060,3,47297,FAIRHAVEN,,0,2539,2615
1060,3,47298,FAIRHAVEN,,0,2539,2615
1060,3,47299,FAIRHAVEN,,0,2539,2615
1060,3,47301,FAIRHAVEN,,0,2487,2615
1060,3,47302,FAIRHAVEN,,0,2487,2615
1060,3,47314,DOWNTOWN,,1,2539,2616
1060,3,47303,DOWNTOWN,,1,2539,2616
1060,3,47304,DOWNTOWN,,1,2539,2616
1060,3,47305,DOWNTOWN,,1,2539,2616
1060,3,47306,DOWNTOWN,,1,2539,2616
1060,3,47307,DOWNTOWN,,1,2539,2616
1060,3,47308,DOWNTOWN,,1,2539,2616
1060,3,47309,DOWNTOWN,,1,2539,2616
1060,3,47310,DOWNTOWN,,1,2539,2616
1060,3,47311,DOWNTOWN,,1,2539,2616
1060,3,47312,DOWNTOWN,,1,2539,2616
1060,3,47313,DOWNTOWN,,1,2539,2616
1060,3,47315,DOWNTOWN,,1,2539,2616
1068,3,47535,LAKEWAY ONLY,,0,2539,2633
1068,3,47525,LAKEWAY ONLY,,0,2539,2633
1068,3,47526,LAKEWAY ONLY,,0,2539,2633
1068,3,47527,LAKEWAY ONLY,,0,2539,2633
1068,3,47528,LAKEWAY ONLY,,0,2539,2633
1068,3,47529,LAKEWAY ONLY,,0,2539,2633
1068,3,47530,LAKEWAY ONLY,,0,2539,2633
1068,3,47531,LAKEWAY ONLY,,0,2539,2633
1068,3,47532,LAKEWAY ONLY,,0,2539,2633
1068,3,47533,LAKEWAY ONLY,,0,2539,2633
1068,3,47534,LAKEWAY ONLY,,0,2539,2633
1068,3,47536,LAKEWAY ONLY,,0,2539,2633
1068,3,47547,DOWNTOWN,,1,2539,2635
1068,3,47537,DOWNTOWN,,1,2539,2635
1068,3,47538,DOWNTOWN,,1,2539,2635
1068,3,47539,DOWNTOWN,,1,2539,2635
1068,3,47540,DOWNTOWN,,1,2539,2635
1068,3,47541,DOWNTOWN,,1,2539,2635
1068,3,47542,DOWNTOWN,,1,2539,2635
1068,3,47543,DOWNTOWN,,1,2539,2635
1058,1,46903,CORDATA/WCC,,0,2517,2611
1058,1,46904,CORDATA/WCC,,0,2508,2611
1058,1,46905,CORDATA/WCC,,0,2516,2611
1058,1,46906,CORDATA/WCC,,0,2480,2611
1058,1,46907,CORDATA/WCC,,0,2517,2611
1058,1,46908,CORDATA/WCC,,0,2508,2611
1058,1,46909,CORDATA/WCC,,0,2518,2611
1058,1,46910,CORDATA/WCC,,0,2481,2611
1058,1,46911,CORDATA/WCC,,0,2517,2611
1058,1,46912,CORDATA/WCC,,0,2508,2611
1058,1,46913,CORDATA/WCC,,0,2516,2611
1058,1,46914,CORDATA/WCC,,0,2482,2611
1058,1,46915,CORDATA/WCC,,0,2517,2611
1058,1,46916,CORDATA/WCC,,0,2508,2611
1058,1,46917,CORDATA/WCC,,0,2518,2611
1058,1,46918,CORDATA/WCC,,0,2480,2611
1058,1,46919,CORDATA/WCC,,0,2517,2611
1058,1,46920,CORDATA/WCC,,0,2508,2611
1058,1,46921,CORDATA/WCC,,0,2516,2611
1058,1,46922,CORDATA/WCC,,0,2481,2611
1058,1,46923,CORDATA/WCC,,0,2517,2611
1058,1,46924,CORDATA/WCC,,0,2508,2611
1058,1,46925,CORDATA/WCC,,0,2518,2611
1058,1,46926,CORDATA/WCC,,0,2482,2611
1058,1,46927,CORDATA/WCC,,0,2517,2611
1058,1,46928,CORDATA/WCC,,0,2508,2611
1058,1,46929,CORDATA/WCC,,0,2516,2611
1058,1,46930,CORDATA/WCC,,0,2480,2611
1058,1,46931,CORDATA/WCC,,0,2517,2611
1058,1,46932,CORDATA/WCC,,0,2508,2611
1058,1,46933,CORDATA/WCC,,0,2518,2611
1058,1,46934,CORDATA/WCC,,0,2481,2611
1058,1,46935,CORDATA/WCC,,0,2481,2611
1058,1,46936,CORDATA/WCC,,0,2481,2611
1058,1,46937,CORDATA/WCC,,0,2481,2611
1058,1,46938,CORDATA/WCC,,0,2481,2611
1058,1,46939,DOWNTOWN,,1,2494,2612
1058,1,46940,DOWNTOWN,,1,2513,2612
1058,1,46941,DOWNTOWN,,1,2495,2612
1058,1,46942,DOWNTOWN,,1,2515,2612
1058,1,46943,DOWNTOWN,,1,2513,2612
1058,1,46944,DOWNTOWN,,1,2514,2612
1058,1,46945,DOWNTOWN,,1,2493,2612
1058,1,46946,DOWNTOWN,,1,2515,2612
1058,1,46947,DOWNTOWN,,1,2513,2612
1058,1,46948,DOWNTOWN,,1,2514,2612
1058,1,46949,DOWNTOWN,,1,2494,2612
1058,1,46950,DOWNTOWN,,1,2515,2612
1058,1,46951,DOWNTOWN,,1,2513,2612
1058,1,46952,DOWNTOWN,,1,2514,2612
1058,1,46953,DOWNTOWN,,1,2495,2612
1058,1,46954,DOWNTOWN,,1,2515,2612
1058,1,46955,DOWNTOWN,,1,2513,2612
1058,1,46956,DOWNTOWN,,1,2514,2612
1058,1,46957,DOWNTOWN,,1,2493,2612
1058,1,46958,DOWNTOWN,,1,2515,2612
1058,1,46959,DOWNTOWN,,1,2513,2612
1058,1,46960,DOWNTOWN,,1,2514,2612
1058,1,46961,DOWNTOWN,,1,2494,2612
1058,1,46962,DOWNTOWN,,1,2515,2612
1058,1,46963,DOWNTOWN,,1,2513,2612
1058,1,46964,DOWNTOWN,,1,2514,2612
1058,1,46965,DOWNTOWN,,1,2495,2612
1058,1,46966,DOWNTOWN,,1,2515,2612
1058,1,46967,DOWNTOWN,,1,2513,2612
1058,1,46968,DOWNTOWN,,1,2514,2612
1058,1,46969,DOWNTOWN,,1,2493,2612
1058,1,46970,DOWNTOWN,,1,2515,2612
1058,1,46971,DOWNTOWN,,1,2513,2612
1058,1,46972,DOWNTOWN,,1,2514,2612
1058,1,46973,DOWNTOWN,,1,2494,2612
1058,1,46974,DOWNTOWN,,1,2515,2612
1058,1,46975,DOWNTOWN,,1,2513,2612
1058,1,46976,DOWNTOWN,,1,2514,2612
1058,1,46977,DOWNTOWN,,1,2495,2612
1058,1,46978,DOWNTOWN,,1,2515,2612
1058,1,46979,DOWNTOWN,,1,2513,2612
1058,1,46980,DOWNTOWN,,1,2514,2612
1058,1,46981,DOWNTOWN,,1,2493,2612
1058,1,46982,DOWNTOWN,,1,2515,2612
1058,1,46983,DOWNTOWN,,1,2513,2612
1058,1,46984,DOWNTOWN,,1,2514,2612
1058,1,46985,DOWNTOWN,,1,2494,2612
1058,1,46986,DOWNTOWN,,1,2513,2612
1058,1,46987,DOWNTOWN,,1,2513,2612
1058,1,46988,DOWNTOWN,,1,2513,2612
1058,1,46989,DOWNTOWN,,1,2513,2612
1059,1,47083,HOSPITAL/CORDATA,,0,2534,2613
1059,1,47084,HOSPITAL/CORDATA,,0,2534,2613
1059,1,47085,HOSPITAL/CORDATA,,0,2534,2613
1059,1,47086,HOSPITAL/CORDATA,,0,2534,2613
1059,1,47087,HOSPITAL/CORDATA,,0,2534,2613
1059,1,47088,HOSPITAL/CORDATA,,0,2534,2613
1059,1,47089,HOSPITAL/CORDATA,,0,2534,2613
1059,1,47090,HOSPITAL/CORDATA,,0,2534,2613
1059,1,47091,HOSPITAL/CORDATA,,0,2534,2613
1059,1,47092,HOSPITAL/CORDATA,,0,2534,2613
1059,1,47093,HOSPITAL/CORDATA,,0,2534,2613
1059,1,47094,HOSPITAL/CORDATA,,0,2534,2613
1059,1,47107,MAPLEWOOD/DOWNTOWN,,1,2534,2614
1059,1,47095,MAPLEWOOD/DOWNTOWN,,1,2534,2614
1059,1,47096,MAPLEWOOD/DOWNTOWN,,1,2534,2614
1059,1,47097,MAPLEWOOD/DOWNTOWN,,1,2534,2614
1059,1,47098,MAPLEWOOD/DOWNTOWN,,1,2534,2614
1059,1,47099,MAPLEWOOD/DOWNTOWN,,1,2534,2614
1059,1,47100,MAPLEWOOD/DOWNTOWN,,1,2534,2614
1059,1,47101,MAPLEWOOD/DOWNTOWN,,1,2534,2614
1059,1,47102,MAPLEWOOD/DOWNTOWN,,1,2534,2614
1059,1,47103,MAPLEWOOD/DOWNTOWN,,1,2534,2614
1059,1,47104,MAPLEWOOD/DOWNTOWN,,1,2534,2614
1059,1,47105,MAPLEWOOD/DOWNTOWN,,1,2534,2614
1059,1,47106,MAPLEWOOD/DOWNTOWN,,1,2534,2614
1060,1,47126,FAIRHAVEN,,0,2536,2615
1060,1,47127,FAIRHAVEN,,0,2536,2615
1060,1,47128,FAIRHAVEN,,0,2536,2615
1060,1,47129,FAIRHAVEN,,0,2537,2615
1060,1,47130,FAIRHAVEN,,0,2536,2615
1060,1,47131,FAIRHAVEN,,0,2537,2615
1060,1,47132,FAIRHAVEN,,0,2536,2615
1060,1,47133,FAIRHAVEN,,0,2537,2615
1060,1,47134,FAIRHAVEN,,0,2536,2615
1060,1,47135,FAIRHAVEN,,0,2537,2615
1060,1,47136,FAIRHAVEN,,0,2536,2615
1060,1,47137,FAIRHAVEN,,0,2537,2615
1060,1,47138,FAIRHAVEN,,0,2536,2615
1060,1,47139,FAIRHAVEN,,0,2537,2615
1060,1,47140,FAIRHAVEN,,0,2536,2615
1060,1,47141,FAIRHAVEN,,0,2537,2615
1060,1,47142,FAIRHAVEN,,0,2536,2615
1060,1,47143,FAIRHAVEN,,0,2537,2615
1060,1,47144,FAIRHAVEN,,0,2536,2615
1060,1,47145,FAIRHAVEN,,0,2537,2615
1060,1,47146,FAIRHAVEN,,0,2536,2615
1060,1,47147,FAIRHAVEN,,0,2537,2615
1060,1,47148,FAIRHAVEN,,0,2536,2615
1060,1,47149,FAIRHAVEN,,0,2537,2615
1060,1,47150,FAIRHAVEN,,0,2536,2615
1060,1,47151,FAIRHAVEN,,0,2537,2615
1060,1,47152,FAIRHAVEN,,0,2536,2615
1060,1,47153,FAIRHAVEN,,0,2537,2615
1060,1,47154,FAIRHAVEN,,0,2536,2615
1060,1,47155,FAIRHAVEN,,0,2537,2615
1060,1,47156,FAIRHAVEN,,0,2536,2615
1060,1,47157,FAIRHAVEN,,0,2537,2615
1060,1,47158,FAIRHAVEN,,0,2536,2615
1060,1,47159,FAIRHAVEN,,0,2537,2615
1060,1,47160,FAIRHAVEN,,0,2536,2615
1060,1,47161,FAIRHAVEN,,0,2537,2615
1060,1,47162,FAIRHAVEN,,0,2536,2615
1060,1,47163,FAIRHAVEN,,0,2537,2615
1060,1,47164,FAIRHAVEN,,0,2536,2615
1060,1,47165,FAIRHAVEN,,0,2537,2615
1060,1,47166,FAIRHAVEN,,0,2536,2615
1060,1,47167,FAIRHAVEN,,0,2537,2615
1060,1,47168,FAIRHAVEN,,0,2536,2615
1060,1,47169,FAIRHAVEN,,0,2537,2615
1060,1,47170,FAIRHAVEN,,0,2536,2615
1060,1,47171,FAIRHAVEN,,0,2536,2615
1060,1,47172,FAIRHAVEN,,0,2536,2615
1060,1,47176,FAIRHAVEN,,0,2495,2615
1060,1,47173,FAIRHAVEN,,0,2536,2615
1060,1,47177,FAIRHAVEN,,0,2495,2615
1060,1,47174,FAIRHAVEN,,0,2536,2615
1060,1,47178,FAIRHAVEN,,0,2495,2615
1060,1,47175,FAIRHAVEN,,0,2536,2615
1060,1,47179,FAIRHAVEN,,0,2495,2615
1060,1,47180,DOWNTOWN,,1,2536,2616
1060,1,47181,DOWNTOWN,,1,2536,2616
1068,3,47544,DOWNTOWN,,1,2539,2635
1068,3,47545,DOWNTOWN,,1,2539,2635
1068,3,47546,DOWNTOWN,,1,2539,2635
1068,3,47548,DOWNTOWN,,1,2539,2635
